genes	logFC	logCPM	LR	PValue	FDR	
FGF11	3.15445025	0.912153859	60.38748738	7.79066E-15	1.13159E-10	
FAR2	-1.865175674	3.419877126	58.30410181	2.24575E-14	1.63098E-10	
CFI	-3.121233093	2.711060488	54.41851514	1.62029E-13	7.84491E-10	
DCHS1	2.068295023	2.529573728	50.87001795	9.86896E-13	3.58367E-09	
P2RY6	-2.279574752	3.741448721	50.02042983	1.52154E-12	4.42006E-09	
ENO3	-1.788051734	5.13895358	43.96694609	3.33968E-11	8.08482E-08	
NFE2L3	-1.352194017	5.687688966	42.85407873	5.8979E-11	1.22381E-07	
P2RY1	-1.954844977	5.1008191	42.55282406	6.87989E-11	1.24913E-07	
CXCL10	-2.392401951	3.923442022	41.73115152	1.04727E-10	1.69018E-07	
DAB2	3.357899989	1.431475756	39.6317113	3.06663E-10	4.05863E-07	
LOC100847159	1.803333186	4.858912795	39.62724068	3.07366E-10	4.05863E-07	
LOC521214	-2.96487478	1.803729335	39.21822911	3.78985E-10	4.5873E-07	
DBN1	1.397259325	4.284832086	38.81818781	4.65173E-10	5.19742E-07	
WC1.3	1.749481063	8.180262444	38.33108524	5.9704E-10	6.19429E-07	
SCIMP	-1.26724933	5.657015308	37.74210137	8.0743E-10	7.81861E-07	
SOX4	1.310268152	4.269798005	36.85427113	1.27297E-09	1.15562E-06	
COL18A1	1.623168655	5.384191326	35.4022035	2.68183E-09	2.29139E-06	
NUPR1	-3.501963525	4.53340776	35.14194671	3.06526E-09	2.4735E-06	
PEG10	2.144765113	1.974941433	34.15599685	5.08662E-09	3.88859E-06	
CTSZ	-1.284618184	7.35204552	33.70124547	6.42595E-09	4.51271E-06	
KYNU	-1.211013761	5.8248913	33.67166791	6.52441E-09	4.51271E-06	
LY86	-1.055324756	6.969601794	33.22058059	8.22751E-09	5.43203E-06	
RAB7B	-2.257564898	4.220623559	32.81275775	1.01477E-08	6.40847E-06	
BLK	1.417775281	7.709878835	32.56901127	1.15034E-08	6.96198E-06	
TNFAIP8L3	-3.666030041	0.125091455	32.40327328	1.25275E-08	7.27849E-06	
PYGM	1.772420202	4.027457581	31.71526601	1.78513E-08	9.97272E-06	
STEAP3	-1.389178057	4.083727149	31.59743726	1.8968E-08	1.02041E-05	
SLC34A3	1.863804285	1.665350281	31.31999351	2.18815E-08	1.1351E-05	
C16H1orf115	-2.270786127	4.323125536	31.08817842	2.46568E-08	1.23497E-05	
PTPRS	1.178577972	3.890499545	30.94720784	2.65143E-08	1.28374E-05	
LAP3	-1.639028441	7.979447514	30.77486978	2.89766E-08	1.33868E-05	
ADGRL1	1.333522775	4.778287593	30.74062542	2.94925E-08	1.33868E-05	
LOC507055	-1.30136386	7.650440126	30.67974241	3.04326E-08	1.33949E-05	
SLC6A4	-2.849916075	5.356713449	30.55520763	3.245E-08	1.3488E-05	
ATP6V1B2	-0.857228091	7.13974112	30.55214281	3.25013E-08	1.3488E-05	
ATP1A1	-0.916845864	7.652319083	30.299359	3.70248E-08	1.49385E-05	
STXBP1	-3.272829272	1.468946106	29.06170047	7.01094E-08	2.75227E-05	
ACSL5	-0.844844944	7.478633066	28.87417837	7.72357E-08	2.95223E-05	
MAFB	-1.240658904	5.877004373	28.59197448	8.93517E-08	3.28454E-05	
CD72	-0.861835637	5.14914425	28.56827686	9.0452E-08	3.28454E-05	
ZNF462	1.604226639	4.318100341	28.34035274	1.01753E-07	3.57388E-05	
IL27	-2.020588374	2.085557486	28.31036782	1.03341E-07	3.57388E-05	
WARS	-1.072539401	8.266830842	28.22889164	1.07784E-07	3.64083E-05	
OPTN	-0.929075571	5.411042892	28.02026358	1.20052E-07	3.96307E-05	
TMC1	-2.780484771	1.706901156	27.92057534	1.26399E-07	4.04059E-05	
SNX10	-1.463066867	7.940153364	27.89676216	1.27964E-07	4.04059E-05	
KLF17	2.829458585	-0.029703308	27.71327624	1.40694E-07	4.19021E-05	
LOC101906694	-3.230542315	5.365721341	27.70419943	1.41356E-07	4.19021E-05	
CYTH3	0.894474728	4.617563051	27.7041858	1.41357E-07	4.19021E-05	
LOC100849762	1.9777259	1.496928839	27.44418054	1.61695E-07	4.69723E-05	
SOX13	1.425184556	7.19278241	27.38699881	1.66547E-07	4.74333E-05	
LOC100300760	1.806024987	3.090606444	27.33840737	1.70785E-07	4.74369E-05	
NR1H3	-1.507885042	4.812389096	27.31246833	1.73092E-07	4.74369E-05	
NCAM2	2.681619419	1.94938584	27.15804209	1.87484E-07	4.97844E-05	
TSPAN33	-1.657768627	3.119596352	27.14746518	1.88512E-07	4.97844E-05	
WNT5A	2.307039196	4.554726945	27.06308681	1.96923E-07	5.10768E-05	
STX2	-1.162942135	6.276796708	26.77236091	2.28888E-07	5.76368E-05	
HR	1.560801376	1.546162047	26.76173034	2.3015E-07	5.76368E-05	
ACVRL1	-1.381854831	5.550365238	26.60037376	2.50195E-07	6.15782E-05	
LOC104975694	1.18733374	5.263196132	26.56842093	2.54368E-07	6.15782E-05	
PSD3	1.660090333	2.796307762	26.34111826	2.86132E-07	6.72205E-05	
MVB12B	0.961407517	5.144069857	26.33573207	2.86931E-07	6.72205E-05	
LOC100847951	2.010919665	3.554172111	26.03991479	3.34431E-07	7.7105E-05	
LOC100337168	1.923775629	0.937279401	25.67311596	4.04422E-07	9.17848E-05	
LGALSL	-1.723319404	7.206478597	25.33138059	4.8279E-07	0.000107647	
LOC751789	1.745240795	3.519422865	25.27869592	4.96159E-07	0.000107647	
OCIAD2	-0.957256084	4.379442554	25.2771897	4.96546E-07	0.000107647	
CD180	-1.271560269	5.485122009	25.08534368	5.48482E-07	0.000116736	
LOC100849587	1.80826108	0.652676098	25.04930717	5.58828E-07	0.000116736	
CD276	1.615953684	3.239533629	25.03639974	5.62582E-07	0.000116736	
LOC100337090	1.498201538	4.737733104	24.75860578	6.4978E-07	0.00013293	
OSBPL6	1.265110799	4.562498499	24.69691228	6.70916E-07	0.000135348	
HIGD1A	-0.766215335	5.338763619	24.40519364	7.8058E-07	0.000155314	
FAM188A	-2.510431264	9.410700764	24.3190171	8.16292E-07	0.000160225	
GJA10	-2.679215011	3.494379481	24.23653566	8.52006E-07	0.000165005	
RPS6KA2	0.794012263	5.156084343	24.11632338	9.06883E-07	0.000173322	
ADGRA1	2.305776181	0.397773604	24.0750354	9.26537E-07	0.000174779	
GNG11	-2.433402988	8.684368105	23.9468796	9.90307E-07	0.000184413	
ANXA3	-1.11085498	7.863875211	23.84590759	1.04364E-06	0.000191884	
LOC104973085	1.79690647	3.975715001	23.74716837	1.09857E-06	0.000197323	
ID1	-2.882541028	1.50969594	23.74397821	1.10039E-06	0.000197323	
BCL2A1	-0.866268914	5.423460876	23.66497403	1.1465E-06	0.000202074	
ABCA2	1.058444432	5.468120818	23.65124687	1.15471E-06	0.000202074	
PECAM1	-1.037943313	5.353353834	23.5954994	1.18865E-06	0.000205538	
SH3BGRL	-1.186654804	8.060750835	23.47013291	1.26868E-06	0.000214684	
LOC104975876	-3.592114471	-0.618776722	23.46645896	1.27111E-06	0.000214684	
LOC107131142	-1.764966738	3.269838954	23.39415306	1.31979E-06	0.000220344	
CCL19	-3.208838961	-1.084668401	23.31146604	1.37776E-06	0.000227409	
IL7	-1.209635409	2.95610131	23.19482462	1.46391E-06	0.000238913	
LYSMD2	-0.936383169	3.419457144	22.90059518	1.70599E-06	0.000273015	
ADRB3	-2.910917944	1.010483787	22.89557279	1.71045E-06	0.000273015	
CCR5	-1.530257108	3.284439782	22.84573472	1.75538E-06	0.000276823	
FNBP1L	1.297567181	1.926946272	22.82716373	1.77243E-06	0.000276823	
LOC100848407	1.432271035	1.947490725	22.79585085	1.80154E-06	0.000277923	
DYRK3	-2.30299346	3.361992866	22.77864463	1.81774E-06	0.000277923	
LOC101909551	1.704488473	4.012424589	22.74481147	1.85003E-06	0.000279429	
DHRS7	-1.55103266	5.924042447	22.72822713	1.86606E-06	0.000279429	
CLEC1B	-4.612923054	1.673090972	22.70386428	1.88987E-06	0.000280106	
PROM1	1.834028832	1.897094844	22.64319899	1.95049E-06	0.000286171	
ITGA5	0.822018604	5.855837951	22.46127357	2.14423E-06	0.00031145	
WC-7	1.504703699	5.604553295	22.32242061	2.305E-06	0.000331139	
ATP1B3	-0.758752039	6.379471161	22.30551173	2.32538E-06	0.000331139	
ARHGAP5	-1.381478445	3.275998881	22.21150811	2.44206E-06	0.000343793	
C8H9orf72	-0.872187832	5.027583668	22.17999357	2.48247E-06	0.000343793	
SYT4	-1.5435637	2.990947422	22.17784592	2.48525E-06	0.000343793	
SSBP3	0.684280326	6.045690842	22.07071586	2.62788E-06	0.000360094	
AIF1	-1.622800909	7.237339148	21.9706275	2.76855E-06	0.000375824	
CDKN1A	-1.3369641	4.708208802	21.85740672	2.93681E-06	0.000394973	
LOC107132962	-1.663294975	3.197994313	21.83159555	2.97658E-06	0.00039665	
LYPLA1	-0.566142449	6.0564183	21.76829761	3.07642E-06	0.000406227	
ZBP1	-1.432356012	6.23651939	21.72676941	3.14374E-06	0.000411376	
LOC100335205	1.04057343	7.904511434	21.68606975	3.21115E-06	0.000414354	
ECHDC3	0.978915211	4.973848475	21.67867583	3.22355E-06	0.000414354	
CD86	-0.918791055	5.915243836	21.6475569	3.27627E-06	0.000417437	
AK2	-0.624120778	6.522143453	21.60698606	3.34631E-06	0.000422653	
SVIL	0.744011833	5.865943087	21.54935638	3.44838E-06	0.000428109	
LOC526769	-1.694709737	1.997474451	21.54931748	3.44845E-06	0.000428109	
PDLIM1	-2.434519396	6.610288561	21.51052531	3.51892E-06	0.000431785	
EPHX1	1.09568506	4.679091522	21.50041928	3.53751E-06	0.000431785	
LOC513659	-1.676660629	5.967527727	21.47843185	3.57831E-06	0.000433124	
FZD2	-3.445668963	-0.930415678	21.42211263	3.68497E-06	0.000442348	
PLXNB1	1.247815118	2.636471925	21.37008167	3.78634E-06	0.000450792	
NAV2	1.313827603	1.921877407	21.35276016	3.8207E-06	0.000451185	
STX11	-1.416772807	5.623731982	21.30465581	3.91779E-06	0.000457062	
CROT	-1.441639908	4.191722065	21.27647079	3.97582E-06	0.000457062	
TOM1L1	-1.774296341	4.751374886	21.27253435	3.98399E-06	0.000457062	
TRIM58	-1.926861616	4.318638945	21.26660246	3.99634E-06	0.000457062	
PPBP	-3.143433341	5.997199362	21.20981645	4.11651E-06	0.000467127	
MTHFD2	-0.67489781	4.769103627	21.13065644	4.2901E-06	0.000483052	
SCN4B	1.909414633	1.145280799	21.05714279	4.45788E-06	0.000498082	
PNP	-1.124299186	7.68996729	20.97635016	4.64988E-06	0.000515569	
MBOAT1	-0.567593438	6.212749	20.94371088	4.72978E-06	0.000520455	
DENND2A	-2.859331504	3.156976919	20.8933868	4.85568E-06	0.000529911	
SLC45A3	1.457073858	3.355045363	20.86898436	4.91794E-06	0.000529911	
LAMA4	1.64261285	4.569183726	20.86617209	4.92516E-06	0.000529911	
LOC508153	-0.588061246	6.916617889	20.75519945	5.21897E-06	0.000557394	
MAP2	-1.383606824	5.098550339	20.72735957	5.2954E-06	0.000561428	
MYOF	-1.418731051	5.699686237	20.60138979	5.6555E-06	0.00059159	
NAALADL1	1.7666453	1.689129058	20.59941509	5.66134E-06	0.00059159	
PXDN	2.608502044	0.795654694	20.55137596	5.8052E-06	0.000601472	
TIAM1	0.664928653	6.728568446	20.53077609	5.86801E-06	0.000601472	
C3H1orf54	-1.437830536	2.769724205	20.52682545	5.88014E-06	0.000601472	
MAFF	-2.265297803	2.244393611	20.45892356	6.09248E-06	0.000618834	
RGS20	-2.651075877	5.464370742	20.34063667	6.48094E-06	0.00065372	
HK2	-0.971690746	4.681009696	20.24779694	6.80318E-06	0.000681491	
ACE	-2.324363058	2.494433375	20.21862786	6.9077E-06	0.000687222	
TCTN1	1.124727979	4.310236968	20.05235514	7.53507E-06	0.000744536	
LOC786796	2.222250307	4.501131133	19.99972653	7.74532E-06	0.000760141	
ATP1B1	0.807077979	4.986301128	19.96575708	7.88415E-06	0.000768573	
LOC100847999	1.833946938	0.371054857	19.91413763	8.09991E-06	0.000784342	
SBK1	1.147176201	2.494514443	19.87215547	8.27975E-06	0.000796447	
LOC107131700	2.419672589	-0.170153722	19.83987787	8.42075E-06	0.00080468	
MRVI1	-3.412027418	1.329254756	19.78860658	8.64967E-06	0.000821154	
HSD17B12	-0.890059238	6.007267358	19.77067132	8.73122E-06	0.000822579	
LOC104973604	2.767811376	0.268303988	19.76047	8.77795E-06	0.000822579	
LOC789029	1.436185579	1.878841308	19.73198661	8.90975E-06	0.000829578	
CKB	-1.323388621	5.677452102	19.69910831	9.06437E-06	0.000838598	
SLC13A4	-6.009156084	-0.491739303	19.66945042	9.20614E-06	0.000842292	
SLC2A6	-1.157814886	5.740496275	19.66183192	9.24292E-06	0.000842292	
NYNRIN	1.777740916	1.745408371	19.65453974	9.27826E-06	0.000842292	
LOC512684	1.078203762	4.331582369	19.61493223	9.4726E-06	0.000854593	
ADM	-4.167189359	-0.878990629	19.5865965	9.61413E-06	0.000862008	
LOC100337081	-0.919108373	5.489733321	19.5279178	9.91401E-06	0.000883442	
GSR	-0.762735102	5.671176859	19.49198493	1.01023E-05	0.000892116	
TNFSF9	-1.144037165	2.86675507	19.48595838	1.01342E-05	0.000892116	
CYGB	1.496669962	2.824592013	19.46690219	1.02358E-05	0.000895633	
ERO1A	-0.657638978	5.986609893	19.43292928	1.04195E-05	0.000896174	
SLC46A2	-1.071466321	5.694211718	19.42999956	1.04355E-05	0.000896174	
IL10	-2.187254366	0.266233751	19.4265009	1.04546E-05	0.000896174	
GCLM	-0.799136911	4.189577443	19.42027136	1.04888E-05	0.000896174	
MAPKAPK3	-0.912494295	5.720892805	19.40706202	1.05616E-05	0.000897117	
ATP6V1A	-0.644992554	6.819256188	19.39007012	1.0656E-05	0.000899872	
RYR3	2.994101072	1.109820647	19.36795396	1.07801E-05	0.000905092	
LOC788997	1.263531151	1.95782212	19.34451747	1.09132E-05	0.000906045	
EMID1	1.248966008	4.903145739	19.34399331	1.09162E-05	0.000906045	
GATA6	-2.292093022	0.316815265	19.32459045	1.10277E-05	0.000909105	
CTSH	-0.90980071	8.020979182	19.31585657	1.10783E-05	0.000909105	
LARP6	1.61450631	1.570588353	19.25862537	1.14153E-05	0.000931505	
GBP2	-1.602873688	7.390036554	19.24059281	1.15237E-05	0.000935092	
MEIS1	-1.865927512	2.316891455	19.22417423	1.16232E-05	0.000937929	
LDLRAD3	-1.363968934	3.172303556	19.16957695	1.19604E-05	0.00095981	
STAB1	1.33794555	4.393878176	19.08011439	1.25344E-05	0.001000343	
RRAGD	1.584428444	1.360466611	19.04530119	1.27652E-05	0.001013192	
LOC511531	-1.928707163	7.051233327	18.98855586	1.31505E-05	0.001037633	
C1R	-2.583354672	5.578831335	18.97907719	1.3216E-05	0.001037633	
GNS	-0.618843973	6.638383718	18.91092106	1.36966E-05	0.001069589	
FCGR3A	-1.662672638	8.13367585	18.87851854	1.39313E-05	0.001082094	
LOC785752	1.242051204	2.269815392	18.86398336	1.40378E-05	0.001084571	
PRKRA	1.372679094	3.106435831	18.84501486	1.41781E-05	0.001089615	
GATA3	1.051079661	6.292856443	18.83299137	1.42678E-05	0.001090734	
TXNDC16	-1.277875145	2.949554404	18.80203278	1.45012E-05	0.001102778	
GPC1	0.856208397	4.353471687	18.78688101	1.46169E-05	0.001105785	
SPTSSA	-0.812659435	5.06968275	18.76044434	1.48209E-05	0.00111541	
GLB1L3	1.501540075	2.257495386	18.7177324	1.51566E-05	0.001134795	
LOC104974542	1.348891904	4.020910397	18.5069314	1.69288E-05	0.001260975	
LOC616782	1.44285066	5.072799748	18.47178742	1.72438E-05	0.00127789	
CHST1	0.958662488	4.55880826	18.25898082	1.92815E-05	0.001421477	
TMBIM1	-0.934138703	5.58279973	18.24955601	1.93771E-05	0.001421477	
SGCE	1.909745669	0.717666561	18.21144098	1.97688E-05	0.001429903	
PILRA	-0.890306244	7.221057959	18.20663283	1.98187E-05	0.001429903	
LOC100848072	-2.758477845	0.944649664	18.20577851	1.98276E-05	0.001429903	
TRPC1	1.232913674	2.469316568	18.19365621	1.99542E-05	0.001429903	
CFAP74	1.787653804	0.80886729	18.18723652	2.00216E-05	0.001429903	
LOC526745	-2.811701561	-0.737070007	18.18144154	2.00826E-05	0.001429903	
LOC781710	-1.967296457	6.291360255	18.13379068	2.05915E-05	0.001455736	
MAGED4B	0.916322461	4.540830626	18.12876518	2.06459E-05	0.001455736	
DHRS4	-0.964897327	4.422938631	18.11264098	2.08215E-05	0.001461022	
CD300LB	-1.246129705	4.577198928	18.09627313	2.10012E-05	0.001466551	
ADAMDEC1	1.939576323	4.992595781	18.07621784	2.12236E-05	0.001474988	
LOC617785	-1.428350878	4.620169357	18.06406764	2.13595E-05	0.001477362	
PBX1	1.59388733	3.200291888	18.01057961	2.19681E-05	0.001512257	
NXN	0.96613328	3.861614046	17.97765974	2.23513E-05	0.001522461	
TMEM51	-1.885336711	3.011767992	17.97376453	2.23971E-05	0.001522461	
ZFYVE28	1.641849678	5.235246664	17.97090333	2.24308E-05	0.001522461	
CCR2	-0.863867268	6.881039074	17.84648766	2.39461E-05	0.001617753	
SORBS3	-1.393574408	2.337084482	17.83450078	2.40974E-05	0.001620439	
TM6SF2	-3.691558407	-1.229268972	17.81824626	2.43041E-05	0.001624795	
CXCR4	0.941796373	6.663221439	17.81185573	2.43859E-05	0.001624795	
DRAM2	-0.607653604	6.305514324	17.79902728	2.45509E-05	0.001628317	
CCBE1	2.297391093	0.257157905	17.74200422	2.52979E-05	0.001670233	
LOC107132439	-2.826029227	6.247369406	17.72643491	2.55057E-05	0.001673236	
JAM3	1.188055894	3.543958168	17.7157698	2.56491E-05	0.001673236	
SARS	-0.897747643	9.03500906	17.71282122	2.56889E-05	0.001673236	
FAM171B	1.515892328	2.358722403	17.63579641	2.67506E-05	0.001734371	
TIMP2	-0.940007417	6.546606747	17.62758323	2.68663E-05	0.001734371	
CTSS	-1.000946417	9.389701482	17.49999527	2.87308E-05	0.001846529	
FLOT2	-0.608064761	5.864491114	17.46447603	2.92727E-05	0.001873064	
LAMTOR2	-0.930279979	5.778325564	17.449278	2.95076E-05	0.001876686	
BCL2L15	-1.410323106	6.078961234	17.4381071	2.96815E-05	0.001876686	
BAK1	-0.848587132	6.19675797	17.42944758	2.98171E-05	0.001876686	
LOC504861	-1.291757856	3.641229696	17.42577834	2.98747E-05	0.001876686	
LOC101904685	-2.513103236	4.532658154	17.41938774	2.99753E-05	0.001876686	
CXCL16	-1.053645685	4.298783974	17.33428045	3.13481E-05	0.001947206	
LOC751804	1.124891779	8.000666064	17.33296307	3.13698E-05	0.001947206	
AGMAT	-1.419406092	3.379352364	17.18624096	3.38882E-05	0.002094579	
CDK14	1.159914283	4.914287448	17.16753415	3.42236E-05	0.002103289	
KLK1	1.825340122	-0.145845781	17.16225983	3.43187E-05	0.002103289	
BPNT1	-0.595913273	5.124854668	17.13776591	3.47641E-05	0.002108517	
NR4A1	-1.317976702	3.333354517	17.13443134	3.48252E-05	0.002108517	
NUDT10	1.693344723	0.315692373	17.13365172	3.48395E-05	0.002108517	
CA5B	0.873929687	4.670640304	16.95261861	3.83244E-05	0.002300491	
ASAH1	-0.639383828	6.600603716	16.95242519	3.83283E-05	0.002300491	
CFB	-2.237063799	1.954633525	16.92954003	3.87932E-05	0.00231067	
MUC15	2.406508298	0.097463557	16.92841996	3.88161E-05	0.00231067	
LOC515828	1.094361384	8.0482748	16.91475647	3.90965E-05	0.00231146	
C23H6orf141	-1.23304477	2.879843204	16.91227429	3.91476E-05	0.00231146	
HAVCR2	0.756920936	5.045063809	16.84800577	4.04959E-05	0.00237676	
TSKU	1.551049058	1.191105296	16.84402819	4.05808E-05	0.00237676	
SLC12A7	-1.181942623	6.709555669	16.81855694	4.11291E-05	0.00239421	
OLFM4	1.759607376	1.142645009	16.81490209	4.12084E-05	0.00239421	
PF4	-2.616818608	9.772202596	16.73526608	4.29747E-05	0.002476292	
CTTNBP2NL	-1.4702127	3.169896999	16.73232535	4.30414E-05	0.002476292	
PYCARD	-0.989345763	5.676014908	16.72830508	4.31327E-05	0.002476292	
KCNJ2	1.362009686	5.258039682	16.67500428	4.43617E-05	0.002536824	
CADPS2	-1.351957096	2.30320533	16.65832469	4.47535E-05	0.002549193	
YARS	-0.486825142	5.664442128	16.63993957	4.51894E-05	0.002563966	
ADPGK	-0.531806763	5.066257155	16.60845167	4.59458E-05	0.002596743	
RIPK2	-0.47321434	5.412155171	16.59600963	4.62482E-05	0.002603703	
STK3	-0.843898409	4.051710266	16.58311238	4.65638E-05	0.002611349	
LOC513969	1.744012253	2.119087356	16.55371574	4.72912E-05	0.002641943	
VDAC1	-0.601430714	6.258446572	16.54065416	4.76181E-05	0.002650011	
MMP14	-2.359022729	-0.02624977	16.51721062	4.82105E-05	0.002672737	
TBC1D16	1.303626579	1.430699101	16.48640916	4.90001E-05	0.002706182	
HES4	-1.963337523	4.056079303	16.42936062	5.0497E-05	0.002778291	
TCF7L2	-1.479280999	2.924604033	16.41145626	5.09762E-05	0.002794073	
TNFSF13B	-1.449477649	1.496598441	16.39594496	5.13951E-05	0.00280197	
SRL	-2.253856289	0.679547525	16.39185492	5.15061E-05	0.00280197	
VSTM2L	1.203726131	4.194854261	16.38303974	5.17462E-05	0.002804528	
TRPM4	1.55851459	0.520304692	16.36482066	5.2246E-05	0.00282109	
LOC107131330	-2.565734641	1.525699837	16.32710647	5.32961E-05	0.002867134	
GIMAP2	0.904327981	6.188103012	16.27331909	5.48306E-05	0.002938799	
LOC104974750	-2.52114581	6.582236381	16.1349536	5.89853E-05	0.003149858	
SGPP1	-0.616492154	5.773089762	16.07051422	6.10269E-05	0.003246943	
KCNIP3	1.305769991	2.988216291	16.04137875	6.19732E-05	0.003285256	
ZNF8	-0.979664714	5.293227199	15.93790341	6.54547E-05	0.0034572	
MITF	-0.85625136	5.366016053	15.91185388	6.63618E-05	0.003492409	
SYCP1	1.456512955	1.237466179	15.82899757	6.93318E-05	0.003625146	
WC1-8	2.077522345	4.889108416	15.82759574	6.93832E-05	0.003625146	
TLR5	-1.482537589	2.931022586	15.81647202	6.97923E-05	0.00363345	
C10H15orf48	-1.315029661	6.731864776	15.80055015	7.0382E-05	0.003643424	
PDE9A	1.189948071	2.532135655	15.79777023	7.04855E-05	0.003643424	
SP6	-2.035930258	-0.272722653	15.77682547	7.12702E-05	0.003670919	
ZP3	0.981062734	3.071421429	15.74023735	7.2662E-05	0.003729382	
TBC1D9	-1.09935899	5.388812438	15.72537357	7.32352E-05	0.003745566	
LOC100298870	1.599941305	0.980061916	15.69672189	7.43529E-05	0.00378939	
HHLA2	-3.513973988	0.990236339	15.68503716	7.48137E-05	0.003799541	
LOC101905134	1.51122236	2.992557353	15.66800782	7.54903E-05	0.003820548	
FRZB	2.21710992	0.710084711	15.64507691	7.64112E-05	0.003853727	
SPG20	-1.189137816	3.589644841	15.60867971	7.78962E-05	0.003915025	
SRXN1	-1.779992624	6.924625915	15.58424928	7.89092E-05	0.003952262	
LOC101905296	1.004675735	4.308893336	15.56909186	7.95443E-05	0.003953437	
RNF207	1.61884952	1.065929372	15.56798885	7.95907E-05	0.003953437	
LOC104974758	-2.200856839	4.40551339	15.5622163	7.98341E-05	0.003953437	
LOC512486	-1.382838246	8.046800806	15.55778672	8.00214E-05	0.003953437	
CLIC4	-0.78033914	5.479775831	15.54666491	8.04935E-05	0.003963283	
ITPRIPL1	-0.70417287	5.214082512	15.52217398	8.15431E-05	0.004001397	
LOC104972052	-2.309674317	3.593430767	15.49653789	8.26565E-05	0.004042153	
PROKR1	-1.103002698	3.444552222	15.49028879	8.29302E-05	0.004042153	
EBI3	-1.245276113	1.741488417	15.46565474	8.40181E-05	0.004081483	
LOC506088	-1.112306845	5.798754365	15.44361503	8.50036E-05	0.004100482	
LOC104976500	-1.843969435	3.524169843	15.43739556	8.52838E-05	0.004100482	
SALL2	1.18360304	2.561041819	15.43356674	8.54568E-05	0.004100482	
PLEKHH1	1.091828104	3.110567428	15.43176174	8.55385E-05	0.004100482	
PTPRO	-1.757357805	1.900139995	15.40747221	8.6645E-05	0.00412298	
CALD1	-1.993820928	6.278880467	15.40312298	8.68446E-05	0.00412298	
LOC104971979	2.584437492	-0.451192008	15.40280353	8.68593E-05	0.00412298	
ACP2	-0.775759216	6.099092826	15.36109123	8.87981E-05	0.004201279	
LOC107131726	1.738681596	1.448031125	15.34115439	8.97401E-05	0.004216252	
LOC101906110	1.221810731	1.306628462	15.3399629	8.97967E-05	0.004216252	
VTCN1	-3.006351914	1.708799866	15.33403358	9.0079E-05	0.004216252	
MRC2	1.897738597	0.38573209	15.32991281	9.02757E-05	0.004216252	
LOC101905590	-1.055346705	2.645903924	15.29871427	9.1779E-05	0.004272722	
LMNB1	-0.65573324	6.678382836	15.26780213	9.32933E-05	0.004317545	
CMPK2	-1.455687799	5.278751673	15.26580612	9.33919E-05	0.004317545	
CD300LG	-5.6367325	1.01721123	15.26092659	9.36335E-05	0.004317545	
TRGC6	1.420118094	4.815423067	15.23235717	9.50606E-05	0.00436948	
MAPK11	-2.709572448	-0.576250296	15.2255806	9.54023E-05	0.004371353	
DMD	1.53831829	1.114515754	15.19885374	9.67621E-05	0.004419717	
GMPR	-1.62233011	3.640150349	15.16398726	9.85654E-05	0.004487971	
MT2A	-1.633810841	2.227570522	15.15409522	9.90832E-05	0.004497447	
FKBP15	-0.476836502	6.455796522	15.13773309	9.99456E-05	0.004520996	
KCTD1	0.991293648	3.58045736	15.12347949	0.000100703	0.004520996	
TUBB1	-1.853117426	10.42199027	15.12230549	0.000100766	0.004520996	
TRIM47	-1.46501107	3.729396374	15.1207815	0.000100847	0.004520996	
ZNF853	1.216440426	1.396603658	15.10151878	0.000101881	0.00455331	
ANKRD31	1.839094885	4.041024763	15.08559948	0.000102744	0.004577785	
LOC104973494	1.537204568	3.456439107	15.05888052	0.000104209	0.004628846	
KCNK13	0.920147176	3.495044606	15.01801869	0.00010649	0.004715734	
CABIN1	0.686869827	6.288005847	15.00767791	0.000107075	0.004718471	
RBMS2	0.799528812	3.663003335	15.00283851	0.00010735	0.004718471	
ZCCHC14	-1.439012815	1.427123534	14.99974131	0.000107526	0.004718471	
MDK	0.975469847	3.512315925	14.98311569	0.000108477	0.004745888	
LOC104976912	1.35421522	2.59463973	14.96111063	0.00010975	0.004787139	
TET1	1.062855747	3.739392883	14.91178006	0.000112657	0.004894125	
UPB1	-1.463563313	2.045762774	14.90811233	0.000112877	0.004894125	
LACTB	-0.682359193	5.573165364	14.88242478	0.000114424	0.004940209	
IL20RA	-2.84040462	-0.339706416	14.87860955	0.000114656	0.004940209	
TPC3	-1.939143536	4.785465914	14.87361483	0.00011496	0.004940209	
KIT	1.145687993	3.962607194	14.84921323	0.000116457	0.004989772	
LTBR	-0.969915816	4.393457136	14.82589676	0.000117905	0.005036983	
LOC100337296	-1.852563516	5.10495609	14.77028261	0.000121434	0.005172528	
LOC782367	-1.67934742	3.419289333	14.75986227	0.000122107	0.005185984	
LOC104971894	2.126659016	-0.289439896	14.72312044	0.00012451	0.005258853	
CMAS	-0.599953594	6.46010674	14.72256091	0.000124547	0.005258853	
ZFP37	1.153684068	1.736346583	14.70589931	0.000125653	0.005290158	
INPP5E	0.798484745	3.612632102	14.65525337	0.000129074	0.005418513	
MT1E	-1.760438571	0.371760188	14.52757567	0.000138123	0.005781656	
CHP1	-0.811070877	6.134706002	14.51590039	0.000138982	0.005800881	
NCALD	1.031483742	5.423769446	14.50294201	0.000139941	0.005824185	
CD7	0.889174298	4.916767751	14.46493047	0.000142793	0.005903466	
SHF	1.611986442	1.699774718	14.46404109	0.000142861	0.005903466	
CCDC187	-1.021641434	3.622110624	14.46131288	0.000143068	0.005903466	
LOC104973468	-3.734718778	1.650443966	14.45600758	0.000143472	0.005903466	
LOC790312	-0.968492274	4.159409086	14.39259438	0.000148385	0.006080706	
CALCOCO2	-0.545702057	7.36427718	14.38926937	0.000148647	0.006080706	
EPS8	1.495165916	1.070597953	14.38084082	0.000149314	0.006080706	
SKAP2	-0.79496092	7.519053642	14.37908039	0.000149453	0.006080706	
PGK1	-0.637907188	7.948795988	14.36163209	0.000150845	0.006107993	
BATF2	-3.056074075	4.481150969	14.36013089	0.000150965	0.006107993	
CPED1	-1.345604575	2.453069476	14.35304219	0.000151535	0.006114002	
TCF7	0.660332081	8.159113608	14.30993555	0.000155044	0.006238282	
GBP4	-1.133090268	5.251115209	14.29479584	0.000156296	0.006271285	
SDHD	-0.573232759	6.354225482	14.28229632	0.000157338	0.006294525	
PREB	-0.519679098	5.955769477	14.27746243	0.000157742	0.006294525	
MIB2	0.527934321	5.398507474	14.27021047	0.000158351	0.006301512	
PDE7B	1.513597866	1.596492275	14.25448746	0.00015968	0.006337012	
C2	-2.441154929	5.753894694	14.23372498	0.000161451	0.006389851	
CMBL	-1.197915761	3.637597994	14.20848154	0.000163631	0.006458546	
EGLN3	-1.464722635	6.42429164	14.18448232	0.000165732	0.006523719	
BRSK2	2.052226804	0.768365482	14.15661823	0.000168204	0.006603157	
CDC42BPB	-1.56755903	1.633964794	14.13822189	0.000169857	0.00665007	
NLRC4	-1.057440856	5.17357279	14.12590024	0.000170973	0.006675775	
LOC101903326	1.177946339	1.818166985	14.11271194	0.000172176	0.00670472	
LOC107132256	-2.735237889	0.929649658	14.10054241	0.000173294	0.006724236	
FAM117A	0.519813818	6.152486955	14.0971857	0.000173603	0.006724236	
NUDT11	1.941968289	-0.035281754	14.06638895	0.000176469	0.006817065	
TNRC6C	0.605646361	6.53623165	14.05852859	0.000177208	0.006827458	
ZNF84	0.541717511	5.06561879	14.04922586	0.000178087	0.00682845	
LOC100299600	1.253571387	2.834580965	14.04830482	0.000178174	0.00682845	
NOXA1	0.881722099	3.830882749	14.03878764	0.000179078	0.006845034	
MAP2K6	0.716603607	3.807226709	14.02402098	0.00018049	0.00685228	
CPOX	-0.718017842	4.584315193	14.02355234	0.000180535	0.00685228	
COL5A3	-2.890296207	-0.019376819	14.0220106	0.000180683	0.00685228	
JAG2	1.588123282	0.502542981	13.99060686	0.000183726	0.006949539	
CCDC86	-0.626450985	4.429552698	13.97869568	0.000184894	0.00697554	
SLC16A1	-0.589317241	5.695143042	13.97292504	0.000185462	0.006978857	
SV2A	0.619786662	5.402275639	13.96356997	0.000186387	0.006995547	
KCNQ4	1.450629664	1.333723142	13.9339191	0.000189351	0.007071301	
TLE2	1.296758954	1.808596044	13.93363232	0.000189379	0.007071301	
FXYD4	-2.435400682	8.350870701	13.92379581	0.000190373	0.007090175	
CXCL5	-2.499870263	2.848381666	13.91897592	0.000190862	0.007090199	
MGST1	-0.918132163	5.724974127	13.90931635	0.000191845	0.007091872	
ARHGAP32	-2.307390019	0.140884197	13.90894251	0.000191883	0.007091872	
LOC101907335	1.25840201	4.542808767	13.88650398	0.000194188	0.00715883	
SYNPO2	-1.781280934	3.909698919	13.87613677	0.000195262	0.007180205	
TRAFD1	-0.527323825	6.847974209	13.87102758	0.000195794	0.007181571	
BAG3	-0.672698569	4.453968194	13.86186438	0.000196751	0.007198495	
BCAR1	1.841141399	-0.195269285	13.85399742	0.000197576	0.007210531	
PLIN2	-0.906068938	5.666989699	13.84160559	0.000198883	0.007222738	
ETF1	-0.434825457	6.83563657	13.84139961	0.000198905	0.007222738	
ITGB3	-1.498409015	8.163724854	13.80894598	0.00020237	0.007330248	
PRDM16	1.456901158	3.158770917	13.78426088	0.000205047	0.007408273	
CD83	-0.88854138	4.154375411	13.7772079	0.000205818	0.007408273	
OLR1	-0.943615167	5.235787302	13.77135673	0.00020646	0.007408273	
NFKBIE	-0.616881522	4.957257015	13.77040673	0.000206565	0.007408273	
GPBAR1	-1.573192133	3.294067605	13.75497254	0.000208269	0.007446639	
AQP9	-1.29247707	3.478530324	13.75145003	0.00020866	0.007446639	
LOC751811	1.330416968	5.691803966	13.73786154	0.000210175	0.007479168	
EFHC2	1.529238482	0.424914445	13.73405506	0.000210601	0.007479168	
TLR2	-0.76321447	6.377198986	13.71519568	0.000212726	0.007536219	
LOC107133304	1.295524208	2.62997246	13.70086548	0.000214356	0.007575465	
PDE3A	-1.697322995	2.559547731	13.65578703	0.000219564	0.007740682	
CYBB	-0.92856673	8.773529373	13.63664463	0.000221813	0.007801067	
BAZ2B	0.71156679	5.702272725	13.63164897	0.000222404	0.007802958	
TTC28	1.043980541	3.319482746	13.62594692	0.000223081	0.007807833	
GNG2	0.529339886	7.051614335	13.60074114	0.000226096	0.007894346	
GBP5	-1.48288098	5.831849921	13.58206615	0.000228357	0.007941735	
TAMM41	0.680557203	3.541067407	13.58050295	0.000228547	0.007941735	
HMOX1	-0.978304196	5.218417397	13.538934	0.000233665	0.008100203	
LOC101904916	-1.641392401	0.878017287	13.51422651	0.000236762	0.008188009	
UNC5A	2.415006082	-0.253674618	13.48882723	0.000239988	0.008279876	
SHISA5	-0.723899429	6.312710484	13.48208147	0.000240852	0.008290005	
PVRL2	-1.311553072	3.619497045	13.47750413	0.000241441	0.008290607	
ARHGEF9	1.208919216	1.843770696	13.45148031	0.000244813	0.008386575	
RAB27A	-1.150240885	8.746532555	13.43967773	0.000246358	0.008418107	
ZAP70	0.72549697	9.022976704	13.43561134	0.000246893	0.008418107	
LOC101904373	-2.099133814	4.756985198	13.37744175	0.000254669	0.008662916	
PTK2	0.55307993	5.35818751	13.36264085	0.000256687	0.008711152	
HDAC7	0.573210841	6.685062041	13.33347066	0.000260711	0.008827088	
SPTLC1	-0.486663138	6.197060412	13.32483362	0.000261914	0.008847216	
LOC101907799	-2.308172399	4.109778818	13.30965426	0.000264043	0.008898434	
TSPAN15	0.909638927	4.775386103	13.30296409	0.000264987	0.00890957	
PIK3R3	1.084273095	2.61770118	13.29727195	0.000265793	0.008916021	
DHRS9	0.954729911	3.275251889	13.22836995	0.000275744	0.009228513	
PDIA3	-0.501023817	8.769626728	13.19436737	0.000280792	0.009375863	
ICAM1	-1.3619799	2.064630715	13.18596467	0.000282054	0.009396395	
PLCL1	1.206622857	5.275736477	13.16323956	0.000285495	0.009489275	
MAPK12	-2.794087342	-1.000683681	13.14264152	0.000288651	0.009572261	
DAGLA	1.595965381	2.478395464	13.11538555	0.000292881	0.009690409	
C23H6orf25	-2.145522705	8.543440758	13.08924892	0.000296995	0.009804223	
AFAP1	0.991016832	3.399943494	13.05980248	0.000301701	0.009936986	
COX7C	-0.923014926	6.068836204	13.03267062	0.000306104	0.010053123	
LOC107132998	1.789188784	2.152004129	13.02956601	0.000306612	0.010053123	
SCARF1	-0.786915875	4.141675154	13.0213695	0.000307957	0.010072273	
CLU	-2.323308675	6.966045893	13.0175666	0.000308583	0.010072273	
PWWP2B	-1.21559141	1.871085176	12.99796854	0.000311829	0.010155421	
SEPP1	-0.832522349	5.940825373	12.95266842	0.000319466	0.010380852	
MSMO1	-0.539851677	6.12231786	12.90247716	0.000328148	0.010639159	
TTLL3	0.634877282	4.469433819	12.87023248	0.00033385	0.01079994	
ASGR2	-2.11344823	0.337161551	12.85651162	0.000336307	0.01085524	
AMD1	-0.48412032	6.269914929	12.83639698	0.000339942	0.010948229	
SDHAF2	-0.643963731	6.035845136	12.83100086	0.000340923	0.010955557	
ALAD	1.013507611	4.323433755	12.82387878	0.000342224	0.010973061	
UQCRB	-0.609748238	5.783943241	12.77385784	0.000351497	0.011226466	
NOD1	-0.870696034	4.275720771	12.7729254	0.000351672	0.011226466	
TFEC	-0.925978674	5.50018966	12.75279624	0.000355477	0.011306739	
LOC101906179	1.5035203	1.65117593	12.75139435	0.000355744	0.011306739	
LOC107131161	1.494706469	1.172130618	12.7460871	0.000356755	0.01131411	
SAP25	0.885592691	4.871838754	12.73883938	0.00035814	0.011333293	
OAT	-0.556966234	6.091454914	12.72780402	0.000360259	0.011375579	
LAMC2	2.38477993	-0.621062419	12.72204716	0.00036137	0.011385898	
LOC107133121	-1.036450911	2.321371401	12.71497643	0.000362739	0.01140429	
ADAM17	-0.454556179	6.040894591	12.70633784	0.000364418	0.011410675	
PLAC8	-0.787901806	9.624676212	12.70585176	0.000364513	0.011410675	
LOC104974328	-1.736432102	2.187042557	12.69684257	0.000366274	0.011441124	
GALNTL6	1.656071264	0.500159784	12.68204388	0.000369184	0.011484907	
TRIM14	-0.529409076	5.423404134	12.67920926	0.000369744	0.011484907	
DOC2A	-2.414775105	1.465097553	12.67767581	0.000370047	0.011484907	
LOC101907242	1.713774358	0.136162123	12.67192209	0.000371188	0.01149574	
MAF	0.900595509	5.634746379	12.66401848	0.00037276	0.011519875	
GP9	-3.047612832	4.654235025	12.64018563	0.000377542	0.011632493	
DBNDD1	1.02683941	1.876636975	12.63789199	0.000378006	0.011632493	
DNM1	0.761249847	5.51281582	12.62701151	0.000380213	0.01167566	
LOC100848540	-2.344469273	1.386579715	12.6037614	0.000384971	0.011773925	
BTG3	-0.641427541	3.941713708	12.60345834	0.000385034	0.011773925	
SLC44A1	-0.418424842	5.675793156	12.58782279	0.000388268	0.011833778	
IVD	-0.462214568	6.413804622	12.58249515	0.000389377	0.011833778	
LOC107132327	-1.727114019	0.097317519	12.58221373	0.000389435	0.011833778	
SEMA3B	1.506422996	0.772082886	12.54453772	0.000397366	0.012049569	
LOC100336669	-1.063621688	5.21357927	12.53493631	0.000399413	0.012086411	
NCKAP5L	0.667806456	4.128235615	12.53007394	0.000400454	0.012092711	
RNF19B	-0.608715531	6.469965304	12.50971245	0.000404842	0.012199852	
PAM	-0.890081224	6.736538438	12.50533982	0.000405791	0.012203121	
MLLT11	0.851768747	3.847187791	12.49436347	0.000408182	0.012249667	
MSRB3	-1.02139922	2.432693799	12.47129868	0.000413253	0.012376279	
C1QA	-1.186692946	4.79881968	12.45950893	0.000415869	0.012404386	
PRMT2	0.508201743	5.660215276	12.45937443	0.000415899	0.012404386	
SLC16A10	1.099450572	2.745683455	12.45205149	0.000417533	0.012427595	
UBASH3B	0.775739987	4.171384421	12.43975828	0.00042029	0.012484079	
BCOR	0.532394249	5.684437896	12.43129013	0.0004222	0.012515219	
LOC100336807	-0.651478218	4.221541396	12.40782672	0.000427538	0.012647641	
MOCOS	-1.294657552	4.038328837	12.38394306	0.000433042	0.012775832	
FAM129B	0.90859744	5.051138019	12.38140534	0.000433631	0.012775832	
PCYT1A	-0.486142041	5.917683724	12.35825675	0.00043904	0.012909033	
IL17RC	-0.995591975	3.182942815	12.34573194	0.000441996	0.012969675	
TRIM21	-0.487207346	6.123746844	12.33653785	0.000444178	0.013007431	
MPV17L	-1.99000792	0.182136851	12.29582443	0.000453973	0.013267515	
FHL1	-1.708790654	7.893080916	12.26669308	0.000461115	0.013449178	
CENPV	0.751407339	4.543397904	12.24717158	0.000465964	0.013558548	
MYCN	2.029155	-0.496850966	12.24210765	0.00046723	0.013558548	
C15H11orf49	1.1624877	1.609136099	12.23645257	0.000468648	0.013558548	
LOC407205	1.581571124	2.990188542	12.23464892	0.000469102	0.013558548	
CSF1R	-0.792323995	7.433254975	12.23293888	0.000469532	0.013558548	
BMF	0.616319362	5.97297529	12.21452789	0.000474188	0.013665837	
ABI2	0.725422721	4.910103696	12.2069515	0.000476118	0.013685114	
NECAB2	1.386556284	2.04933092	12.20450963	0.000476741	0.013685114	
ADCY4	0.740314881	3.24727386	12.19303054	0.000479684	0.013712032	
PAQR8	-0.543225433	4.735292521	12.18972369	0.000480535	0.013712032	
DNASE1L1	-0.536506606	6.021337276	12.18669084	0.000481317	0.013712032	
CPNE9	0.96802477	1.894637566	12.18615509	0.000481455	0.013712032	
SIDT1	0.795986242	6.722732324	12.16702013	0.00048642	0.013823677	
RORC	-1.197426562	2.682611987	12.16372873	0.000487279	0.013823677	
FCER2	0.728680117	5.733246697	12.15878382	0.000488572	0.013833356	
CD163L1	1.248827943	4.529799439	12.1478723	0.000491439	0.013887454	
ALCAM	-0.52312496	5.286266366	12.13040094	0.000496065	0.013990946	
PITPNC1	0.648172599	5.437760441	12.11208019	0.000500962	0.014101697	
CPXM2	-2.323618661	2.21811239	12.07701936	0.000510471	0.014341581	
FAM65C	-2.079988182	2.875747994	12.0624592	0.000514474	0.014426123	
FXYD7	1.219576924	1.500414969	12.05236764	0.000517266	0.014476482	
NUB1	-0.535072181	7.39920427	12.03332782	0.000522577	0.014596981	
HRH2	0.964894339	5.93805073	12.02259007	0.000525596	0.014653136	
TBC1D8B	-1.05424415	2.290867062	11.98873651	0.000535231	0.014893152	
LOC101909455	1.432662907	1.119479229	11.97605622	0.000538885	0.014966169	
MVP	-0.600805101	7.231338098	11.96391349	0.000542408	0.015035268	
ADGRG5	0.685167504	5.259774352	11.94823762	0.000546991	0.015128386	
FSTL1	0.953342853	2.927418684	11.94390487	0.000548264	0.015128386	
SEPHS2	-0.439219826	6.803457297	11.93632466	0.0005505	0.015128386	
CYFIP1	-0.72626068	5.580657971	11.9344229	0.000551062	0.015128386	
CCDC181	1.364542309	1.840084402	11.93256678	0.000551611	0.015128386	
PRKCZ	0.725932295	3.258254392	11.93119745	0.000552017	0.015128386	
GNA15	-0.520648548	5.423368082	11.92764141	0.000553072	0.015128746	
GATSL2	0.581193272	5.738511636	11.91393761	0.000557155	0.015211799	
IQCD	-1.256619597	1.949175843	11.90617424	0.000559482	0.015237258	
SYTL3	0.808153545	6.669002179	11.90163612	0.000560847	0.015237258	
RHBDD2	0.478496651	5.387965296	11.90014306	0.000561296	0.015237258	
CD200	0.893644149	5.280761936	11.89686944	0.000562284	0.015237258	
WRB	0.777654374	2.551865585	11.86790121	0.000571097	0.015447279	
AIFM3	1.275900856	2.457049289	11.85685693	0.000574494	0.015510276	
TMEM230	-0.464228111	6.27732508	11.83517356	0.000581223	0.015662822	
C1QB	-1.152883712	5.505883444	11.82656314	0.000583917	0.015689482	
LOC531557	-0.77704903	5.152340471	11.82511059	0.000584372	0.015689482	
DFNB31	0.692674635	3.908906971	11.80986355	0.000589178	0.015789305	
SELT	-0.519688033	7.093187655	11.79473158	0.000593986	0.015888845	
IDH3A	-0.50396967	4.696535586	11.7872773	0.000596369	0.01592327	
TICAM2	-0.513237728	4.920529429	11.73657706	0.000612836	0.016332931	
ZNF362	0.56125653	4.40272594	11.72064113	0.000618107	0.016410828	
NPHP4	0.743505714	3.030165208	11.7192872	0.000618556	0.016410828	
KCND1	0.670460802	4.208973321	11.71750646	0.000619149	0.016410828	
ADCY6	-1.922937879	-0.442209212	11.70609828	0.000622956	0.016481669	
MAPT	1.256945329	2.263478722	11.69197642	0.000627702	0.016577036	
RAMP3	-2.469768233	1.568439541	11.68739585	0.000629249	0.016584368	
NOD2	-0.829003081	4.763952215	11.6812888	0.000631318	0.016584368	
TARSL2	1.814751149	1.870785114	11.67952437	0.000631917	0.016584368	
S100A1	-2.116915925	4.893564647	11.67767105	0.000632547	0.016584368	
M6PR	-0.447335289	7.466795418	11.64771465	0.000642815	0.01682321	
LOC101904579	-1.118713825	3.749690546	11.63688995	0.000646566	0.016890959	
TNF	-0.66154388	3.806178377	11.62883496	0.000649372	0.016933807	
BLOC1S5	-0.410809213	5.18887141	11.61903335	0.000652803	0.016972007	
C1QC	-1.15777261	4.75606722	11.61797728	0.000653174	0.016972007	
PSAP	-0.713498543	10.51494386	11.61267935	0.000655037	0.016990027	
TAF9B	-0.577881416	4.357419487	11.60358315	0.000658249	0.017014963	
CDADC1	-0.469263132	6.262860532	11.60332129	0.000658341	0.017014963	
ZNF286A	0.659404577	3.996147339	11.58778482	0.000663864	0.017101615	
OVOS2	2.850470253	-0.747424013	11.58726802	0.000664049	0.017101615	
IRF8	-0.565649629	6.215249573	11.58056089	0.000666448	0.017133031	
CDC25B	0.543587527	8.237052032	11.56599985	0.000671688	0.017237213	
L1CAM	1.271614424	5.909164816	11.56129868	0.000673388	0.01724905	
RCOR3	0.4780898	5.572288016	11.55806698	0.000674559	0.01724905	
CPNE7	1.157261122	3.148718252	11.55489428	0.000675712	0.01724905	
DLG3	0.898613079	2.496976569	11.53831968	0.000681762	0.017372978	
CACNA1H	1.158985007	2.490228045	11.52814875	0.000685502	0.017437693	
TULP2	0.873888714	2.141545994	11.51913355	0.000688835	0.01749183	
CDH24	1.037799657	2.271161107	11.50113009	0.000695539	0.017631243	
SMAD9	1.229487237	2.544473408	11.47777928	0.000704332	0.017823045	
CXXC5	0.550279497	5.325640368	11.471396	0.000706756	0.017853264	
GPSM1	0.596103246	4.908212075	11.46814756	0.000707992	0.017853448	
LRRC25	-0.988939003	4.406986689	11.45834001	0.000711738	0.017916814	
CSGALNACT1	0.696229727	3.745423233	11.44126797	0.000718308	0.018050895	
CD226	-0.536553961	6.173183537	11.42212885	0.000725745	0.018206295	
PPARGC1B	-0.835443616	4.643336432	11.41781412	0.000727432	0.018217162	
DERA	-0.545090779	5.832726344	11.4082513	0.000731186	0.01825584	
ZNF516	0.624683319	4.295520441	11.40747849	0.00073149	0.01825584	
LOC100299281	-0.810916607	5.778893984	11.39261643	0.000737366	0.018267933	
FAM111B	-0.794593407	5.103984922	11.392362	0.000737467	0.018267933	
XYLT1	0.60004349	6.145449082	11.39185591	0.000737668	0.018267933	
LOC100300223	1.036575149	4.268546336	11.39073458	0.000738113	0.018267933	
LOC101904939	-1.388155221	2.26560692	11.38832691	0.000739071	0.018267933	
LYSMD1	-0.977988898	4.377471905	11.38719508	0.000739521	0.018267933	
TRIB3	0.578656421	4.835038679	11.37641048	0.000743827	0.018343107	
SCAMP1	-0.510510999	5.736943069	11.36321531	0.00074913	0.018442571	
KCNH8	2.759097999	0.372720699	11.35663622	0.000751789	0.0184767	
CERS2	-0.458663242	7.195277399	11.34966352	0.000754616	0.018507077	
ALDOC	-0.691538098	5.909845319	11.3446038	0.000756675	0.018507077	
ENDOD1	-0.998462927	6.661333286	11.34418175	0.000756847	0.018507077	
DTX1	0.759871352	3.753749408	11.32973684	0.000762757	0.018620247	
RHCG	-3.687138393	-0.778676542	11.31929192	0.00076706	0.018687185	
LOC107131400	-1.385444155	0.81363717	11.31684211	0.000768072	0.018687185	
MCFD2	-0.562126996	6.261164142	11.3097712	0.000771003	0.018727115	
HSD3B7	-1.039098266	2.12464796	11.30326089	0.000773711	0.018747892	
IGFN1	2.339498658	-0.295901446	11.29937399	0.000775332	0.018747892	
CLIC2	-1.839123828	0.839757592	11.29842106	0.00077573	0.018747892	
SRPK2	0.553275786	7.250427307	11.28987299	0.00077931	0.018803122	
TBC1D8	-0.859485759	6.516910171	11.25215694	0.000795305	0.019157233	
FXYD3	-3.113993037	1.758612347	11.2294369	0.000805101	0.019361072	
MAP4K2	0.504789337	7.654619491	11.21286647	0.000812321	0.019490893	
SSBP4	0.529190928	5.659444464	11.21089967	0.000813183	0.019490893	
CTSC	-0.735884211	8.1841893	11.19114726	0.000821885	0.01966702	
RHOBTB3	1.046088193	1.666278187	11.18526029	0.000824497	0.019697068	
DNAH14	2.054737272	1.623451705	11.17962123	0.000827007	0.019697484	
CNDP2	-0.601250997	6.953134648	11.1791278	0.000827227	0.019697484	
MICU1	-0.603562408	5.770689662	11.16790947	0.000832244	0.019784512	
LOC104972288	1.948147685	1.151937626	11.15230977	0.000839271	0.019879783	
LOC101905885	1.594210752	-0.110545726	11.14937039	0.000840602	0.019879783	
LY6G6C	-1.934644722	4.715444076	11.14891878	0.000840807	0.019879783	
BCL11B	0.681833456	6.97900133	11.14689212	0.000841726	0.019879783	
PTOV1	0.741373605	4.323096497	11.13868398	0.000845459	0.019935528	
HMGCS1	-0.505636279	6.758791718	11.11756052	0.000855142	0.020131176	
SLC15A3	-0.717418432	5.431579874	11.1089452	0.000859123	0.020150477	
WDSUB1	-0.915748874	2.62271677	11.10469276	0.000861096	0.020150477	
PAMR1	-2.069543745	-0.111394365	11.10383622	0.000861493	0.020150477	
LIMS1	-0.816092821	7.334846148	11.10379829	0.000861511	0.020150477	
GAREM1	1.100472952	2.151118345	11.08056903	0.00087237	0.020345927	
LOC789229	0.611127699	6.672477189	11.07796019	0.000873598	0.020345927	
LOC107133321	0.985833612	2.809108166	11.07696079	0.000874069	0.020345927	
GNB4	-0.889191372	4.721248711	11.07140043	0.000876694	0.020374379	
WC1-12	1.038710323	5.914892045	11.06730302	0.000878634	0.020386833	
SERPINE2	0.637962066	6.072416458	11.06242094	0.00088095	0.020407982	
CFAP69	-1.870692334	1.116670941	11.03037839	0.000896309	0.020730702	
LAMP2	-0.582851471	7.141207318	11.02334474	0.000899716	0.020747393	
PRSS45	2.029197922	0.340241519	11.02134864	0.000900685	0.020747393	
PLEKHG2	0.77454722	3.914568714	11.02005223	0.000901315	0.020747393	
DCAF15	0.487820864	5.536274889	11.01583318	0.000903369	0.020761766	
NPHP1	-0.63901219	4.084036938	11.00133662	0.000910462	0.020891724	
KANTR	0.947268933	2.192625334	10.99158364	0.000915266	0.020968824	
CHPF	0.616971416	4.443054585	10.96375392	0.000929114	0.021252569	
LOC104969170	3.716415758	-0.692550893	10.95587944	0.000933071	0.021309517	
PLAGL2	-0.534142951	5.354235275	10.94990134	0.000936086	0.021344818	
DBP	0.627781999	4.423407329	10.93967486	0.000941267	0.021429312	
LOC515150	1.468885738	3.890631576	10.91389639	0.000954456	0.021695567	
LOC104970840	-1.142606025	3.069085628	10.90805805	0.000957468	0.021730046	
HK3	-0.627719165	7.758640834	10.90135408	0.00096094	0.021774808	
RGS17	2.079688364	0.509227747	10.89048792	0.000966594	0.021863319	
BOLA-DRA	-0.626976481	10.4212445	10.88806973	0.000967856	0.021863319	
AKAP7	-0.686917947	3.964375798	10.87901364	0.0009726	0.021936365	
LOC101904172	0.818613442	2.32649634	10.87225534	0.000976156	0.021947701	
EPDR1	1.314230877	1.393826729	10.87213986	0.000976217	0.021947701	
LOC104972869	-2.501215057	2.376481309	10.86944929	0.000977636	0.021947701	
SLC22A17	1.101552542	1.706278593	10.86313805	0.000980973	0.021958356	
DSE	-0.639861849	3.863017792	10.86283446	0.000981134	0.021958356	
IGSF8	-0.728306611	5.194367004	10.85686367	0.000984303	0.021968819	
ZNF157	1.02924999	1.550289719	10.85625415	0.000984627	0.021968819	
PALM3	-1.162148304	2.486738333	10.83990414	0.000993359	0.022129656	
TTYH3	-0.560227821	6.156870127	10.83141264	0.000997925	0.022190778	
LOC789748	-0.900082771	5.490355449	10.82912593	0.000999158	0.022190778	
PDIA4	0.509837043	7.249186436	10.82025851	0.001003955	0.02226327	
NDST3	0.991169638	2.624045551	10.81649389	0.001005998	0.022274579	
RBM44	5.044710487	0.494082326	10.81025325	0.001009395	0.022315771	
DLG4	0.672737433	3.893350066	10.80374573	0.001012949	0.022360317	
SEMA3G	1.056601842	2.231527014	10.77793528	0.001027172	0.022639868	
PSMG2	-0.485074294	4.906341384	10.76825556	0.001032558	0.022724094	
NPC2	-0.805767333	7.832435832	10.75251639	0.001041376	0.022883495	
SCML4	0.592682495	7.026042227	10.74623823	0.001044915	0.022926572	
LOC107131257	1.335934674	0.02908637	10.70772774	0.00106689	0.023359816	
CRLS1	0.511409669	6.962385254	10.70601598	0.001067877	0.023359816	
MPEG1	-0.682516284	8.460912202	10.69726477	0.00107294	0.023429768	
IRF5	-0.515682294	7.504971123	10.69491989	0.001074301	0.023429768	
ARMCX4	0.999549482	2.003620973	10.67529877	0.001085756	0.023644098	
MERTK	-1.71668908	2.874309569	10.66896818	0.001089479	0.023689639	
URI1	-0.403180804	6.011230566	10.66299058	0.001093005	0.023730795	
KLHL5	-0.394881655	5.605143909	10.64938455	0.001101075	0.023870329	
ZNF672	-0.795854661	3.408796655	10.63931807	0.001107085	0.02396484	
ZDHHC2	-1.347962745	3.77953547	10.63098808	0.001112083	0.024037206	
DNASE1	0.531158252	4.726691453	10.62750816	0.001114177	0.024046698	
ADGRG6	-1.386744864	0.30254953	10.62467583	0.001115885	0.024047825	
COLGALT1	-0.487578218	6.524409848	10.61868946	0.001119504	0.024090059	
IDO1	-1.001364287	8.463868153	10.61517489	0.001121633	0.024100186	
LOC784052	3.76071503	-0.986411507	10.60857031	0.001125647	0.024150696	
LOC613677	-0.832159707	3.403170251	10.60251188	0.001129341	0.024194222	
LAMP1	-0.722120507	8.517711469	10.59732373	0.001132515	0.024226475	
RRP1B	0.523044551	5.612992239	10.54638304	0.001164157	0.024866731	
MFSD1	-0.465992535	5.471801119	10.53557341	0.001170985	0.024940185	
LOC107131224	-1.107953333	7.55411082	10.53550362	0.00117103	0.024940185	
PDE2A	0.741149327	4.241908891	10.53206909	0.001173208	0.024949992	
SEC14L5	-1.4613298	3.483488917	10.51452652	0.001184398	0.025151136	
ZBTB4	0.542426738	6.554081372	10.50443302	0.001190885	0.025251976	
IL1R1	0.730323471	5.989710398	10.47983289	0.001206847	0.025553132	
PRCP	-0.454359099	4.897938869	10.47167878	0.001212185	0.025609886	
SMARCD3	0.956113965	1.91545385	10.4703559	0.001213053	0.025609886	
INSIG1	-0.510806055	5.732520853	10.46177179	0.001218703	0.025691823	
ARRDC5	0.535526854	4.08406916	10.45394337	0.001223879	0.02576354	
LOC506486	1.694499736	0.671693805	10.44208301	0.001231763	0.025891975	
ENO1	-0.506709217	9.058943787	10.43510461	0.001236425	0.025952427	
LOC100847890	-0.637235226	6.901653096	10.40993748	0.00125339	0.026270545	
AFF3	0.821649286	6.608786312	10.39827435	0.001261331	0.026398902	
DYNLT1	-1.361352753	7.995517406	10.37546031	0.001277013	0.026688654	
CHCHD10	-1.351127202	1.203175007	10.36526424	0.001284085	0.026797898	
C3AR1	-1.209947774	3.53766983	10.35456963	0.001291546	0.026914923	
LOC618737	-1.128441333	2.464630276	10.34424355	0.001298791	0.02702713	
RSAD2	-1.849672512	5.59539718	10.33369429	0.001306235	0.027143151	
ITGB1	-0.527071274	9.082936307	10.3286119	0.001309837	0.027179113	
CXCL12	0.946454124	4.815076118	10.32171412	0.001314741	0.027206295	
NHLRC1	-0.98161332	2.360113118	10.31928781	0.001316471	0.027206295	
LOC101902390	1.557247612	0.110948015	10.31887408	0.001316766	0.027206295	
LOC101903170	1.316943356	1.346935354	10.29768101	0.001331975	0.027481443	
ZEB1	0.523237206	5.352121436	10.29206971	0.001336031	0.027490103	
RFESD	-1.43256451	2.060817828	10.29186475	0.00133618	0.027490103	
CRLF2	-1.713465448	3.125777181	10.28242332	0.001343034	0.027592043	
LOC107131763	1.355106279	0.927594823	10.27404858	0.001349144	0.027678419	
AASS	-0.736875758	3.455537078	10.26272117	0.001357453	0.027809599	
AEBP1	0.747754088	3.473744908	10.254926	0.001363201	0.027888021	
SUFU	0.585675028	4.818493252	10.25158653	0.001365671	0.027893253	
TSPYL2	0.436471187	5.212561644	10.24624544	0.001369631	0.027893253	
SLC35G1	-0.610326813	4.263693735	10.24516358	0.001370434	0.027893253	
EIF1B	-1.077650592	7.768185767	10.24421636	0.001371138	0.027893253	
S1PR1	0.474468165	7.82709338	10.23634301	0.001377003	0.027973386	
RASSF4	-0.803155824	5.235409932	10.22338482	0.001386711	0.028131258	
LOC104971726	-1.504037828	0.655135108	10.21014605	0.001396701	0.028212066	
PER3	1.320319789	4.968461745	10.20857971	0.001397888	0.028212066	
SLAMF8	-1.966612801	2.247460538	10.20571418	0.001400062	0.028212066	
MPP1	-0.593174814	6.82421027	10.20564323	0.001400115	0.028212066	
RGS18	-1.019836834	6.307049177	10.20526043	0.001400406	0.028212066	
GJB2	-1.146875612	2.355889136	10.18858655	0.001413126	0.028428884	
SCG5	1.111277243	2.627953933	10.15468231	0.001439352	0.028916442	
FADS1	-0.967442739	3.85137454	10.13826093	0.001452231	0.029134884	
LOC104972045	-1.841085908	3.512518126	10.13304416	0.001456347	0.029177157	
FDFT1	-0.441677089	6.47204291	10.12776534	0.001460524	0.029189378	
DSTN	-1.925826367	6.122971589	10.12609096	0.001461851	0.029189378	
YWHAQ	-0.482462611	6.881591902	10.12261826	0.001464608	0.029189378	
LOC407201	1.079874517	2.56060177	10.12213085	0.001464995	0.029189378	
LDLRAD4	0.596398686	6.893133765	10.11829012	0.001468051	0.029210199	
TNS1	1.556241221	1.086753235	10.11413945	0.001471361	0.029235258	
LOC101906968	0.948211812	1.480725516	10.11166716	0.001473336	0.029235258	
ECE1	-0.542755219	7.657770629	10.09749611	0.001484709	0.029420738	
GPR173	1.553583575	0.105556851	10.08724134	0.001492995	0.029544612	
LOC520336	-0.984704905	4.098363215	10.08447765	0.001495235	0.0295487	
ZBTB46	0.843123233	4.268607299	10.07482506	0.001503089	0.029663542	
LGR6	1.262803629	1.68433322	10.05743492	0.001517343	0.029904224	
JAZF1	0.880747012	3.399053772	10.04859076	0.001524645	0.030007416	
NMI	-0.66384128	6.870742811	10.04397839	0.001528467	0.030041935	
BACH2	0.874488306	6.499669092	10.04049557	0.00153136	0.030058114	
NDFIP2	-0.41264869	5.705288079	10.03036052	0.001539809	0.030183165	
HRH1	-1.196551668	2.581083317	10.02138499	0.001547331	0.030289729	
LOC104973322	1.082746247	2.314133498	10.01679238	0.001551194	0.030324482	
SLC22A20	2.111681416	-0.347430543	10.00085317	0.001564677	0.030546957	
LOC104971864	-2.832662612	0.01332971	9.989952565	0.001573967	0.030687067	
RBM11	-1.250280103	3.502738132	9.980452566	0.001582108	0.030778101	
TPM4	-0.470686112	6.787883011	9.979561462	0.001582874	0.030778101	
BOLA-DRB3	-0.71692778	10.20848536	9.961453029	0.001598518	0.031040749	
ENPP4	-0.542578557	4.504514134	9.956504276	0.001602821	0.031067653	
DOK2	-0.570906355	6.626827914	9.954942055	0.001604182	0.031067653	
HSBP1L1	-1.229815442	2.520889318	9.941462466	0.001615971	0.031254302	
EPHB1	1.624110374	0.462848012	9.934428982	0.001622157	0.031332231	
LPIN3	-0.865520622	2.04141445	9.894729825	0.001657528	0.031972898	
PER2	1.604159685	-0.242895573	9.887659635	0.001663909	0.032019433	
LOC521224	-0.977709424	3.633424705	9.887172458	0.001664349	0.032019433	
VGLL4	0.532861455	4.419785735	9.87510498	0.0016753	0.032185418	
FAM129C	-0.521696624	6.50886433	9.872790907	0.001677409	0.032185418	
CNTN2	1.282087164	1.417638951	9.860787156	0.001688389	0.032353355	
GZMA	-1.566506802	4.82378781	9.855331277	0.001693403	0.032382715	
LOC101906302	1.043764547	4.551625022	9.851577268	0.001696862	0.032382715	
MYLK	-1.723656856	3.474363393	9.84984639	0.001698459	0.032382715	
XK	-1.32287603	3.614847461	9.849435889	0.001698838	0.032382715	
EPSTI1	-0.513416261	7.215634293	9.842000446	0.001705719	0.032471256	
TMEM150B	-1.055873176	3.627012506	9.831358984	0.001715615	0.032616904	
TLL2	1.680246365	2.540773051	9.818570606	0.001727586	0.032801542	
ELANE	1.387257244	1.709114317	9.80900236	0.001736597	0.032929594	
LOC101906828	1.399266508	0.489161272	9.804070696	0.00174126	0.03297497	
CPZ	1.09791444	1.489268007	9.798717946	0.001746336	0.03302803	
ERICH6B	-3.776129773	-0.803654795	9.794817283	0.001750044	0.033055122	
ZSCAN2	0.770037563	2.274242858	9.788362801	0.001756198	0.033128272	
CREB3L1	1.286620663	3.949265862	9.775834238	0.001768205	0.03331151	
LOC104972200	1.520339693	1.489642033	9.768264514	0.0017755	0.033405613	
LOC100848375	-1.08291343	5.759175894	9.755423684	0.001787944	0.033596237	
FMNL3	0.552587802	5.178001462	9.746208132	0.00179693	0.033721457	
PLCB4	1.482545727	1.367948496	9.712019488	0.001830667	0.034304644	
ZNRF1	0.638965769	6.03498105	9.708539656	0.001834137	0.034304644	
KCNMB4	0.883769334	2.326806334	9.704650759	0.001838023	0.034304644	
DESI1	-0.422304146	4.829903567	9.703947582	0.001838726	0.034304644	
TMEM167A	-0.43755969	6.044199785	9.702859155	0.001839815	0.034304644	
PARPBP	-0.897104144	2.033532028	9.698946095	0.001843737	0.034328449	
LOC101907084	-0.817115276	2.905416911	9.696503967	0.001846189	0.034328449	
GPR141	-0.914412796	2.757923713	9.694521293	0.001848182	0.034328449	
GRIN3A	-1.210101586	2.980505142	9.688164093	0.001854587	0.034403427	
LOC104970876	-1.831116786	2.495897385	9.684220962	0.001858572	0.034417572	
ENAH	0.736915786	3.590325599	9.682721517	0.001860089	0.034417572	
C8H8orf58	2.059323331	-0.542142399	9.666031945	0.001877063	0.034687455	
LOC515917	-2.807359044	4.216877843	9.648781392	0.001894772	0.034970228	
LOC101907852	0.897630527	2.849650883	9.638953991	0.001904937	0.035109335	
LOC783163	0.678513585	4.30313591	9.634772847	0.001909278	0.035109335	
LRRC32	1.277482413	1.188847074	9.634500733	0.001909561	0.035109335	
ENKUR	1.347746178	1.475372595	9.628638787	0.001915665	0.03517704	
BRINP1	1.337658112	0.090965574	9.623738096	0.001920784	0.035226496	
LOC104974259	1.231716294	0.775034167	9.585452877	0.001961251	0.035923284	
TERT	0.702393121	3.424327204	9.571923656	0.001975756	0.036143404	
AGPAT5	-0.524116411	4.220253217	9.557296845	0.001991562	0.036386708	
TGFB3	0.917989983	1.397005898	9.551578064	0.001997776	0.036454391	
TREML1	-2.452528811	4.363313603	9.536936153	0.002013776	0.036700251	
SPOCK2	0.448487244	9.233152655	9.52759274	0.002024054	0.03684134	
TIE1	0.913391381	2.488606734	9.503520164	0.002050781	0.037281091	
LOC617396	1.155410034	0.391997846	9.499250085	0.002055559	0.037321242	
RABL3	-0.485676555	4.01016763	9.481851373	0.002075144	0.037629805	
LOC100847780	-1.019875677	2.654574614	9.47889873	0.002078487	0.037643421	
CD47	-0.423101268	9.235447416	9.475847096	0.002081947	0.037659134	
ZNF771	-0.635122159	3.533183535	9.454543694	0.002106267	0.038051649	
ZCWPW1	0.755861142	3.592737285	9.44619111	0.00211588	0.038177843	
ABO	-0.949001395	2.65441255	9.439046622	0.002124139	0.038279301	
LOC104973832	-1.774290208	0.994278189	9.431633259	0.002132743	0.038386724	
GP6	-1.739068879	2.666363469	9.429143433	0.00213564	0.038391304	
CISH	-0.526545579	5.168580148	9.424425066	0.002141142	0.038442633	
C10H15orf57	-0.380030365	6.164261176	9.421489829	0.002144572	0.038456679	
ESPNL	0.777683758	4.608179092	9.415171489	0.002151974	0.038511155	
CRYBG3	-1.101868121	1.664676995	9.413999903	0.00215335	0.038511155	
LOC104975044	1.108644235	0.929260958	9.412115278	0.002155564	0.038511155	
BOLA-DMB	-0.638077627	8.567450334	9.400789197	0.002168921	0.038688672	
DRAM1	-0.880772327	4.129326267	9.399178059	0.002170827	0.038688672	
LUC7L	0.506154522	7.925382994	9.39219133	0.002179116	0.038751959	
MEX3B	0.86433911	2.272274806	9.390611941	0.002180994	0.038751959	
C16H1orf21	-1.114477968	5.200029591	9.389445298	0.002182382	0.038751959	
LTC4S	-2.407190765	3.425468935	9.381821177	0.002191477	0.038796691	
KIAA0226L	0.507382351	6.707562387	9.381415357	0.002191962	0.038796691	
MEGF8	0.539529115	5.729145702	9.380619331	0.002192915	0.038796691	
PARP3	-0.911253688	3.779976064	9.375772653	0.00219872	0.03885208	
VASH1	-0.925310178	4.266766438	9.350329461	0.002229454	0.039336097	
OAS1X	-2.412179773	5.185292656	9.348625215	0.002231528	0.039336097	
SERP1	-0.452400119	6.28860369	9.316702706	0.002270743	0.039978832	
RET	-0.925749877	2.21181337	9.281630508	0.002314633	0.040702233	
ADCY9	-0.804403212	4.17629696	9.26752408	0.002332528	0.040967315	
IRAK4	-0.445120793	6.45536477	9.22440604	0.002388102	0.041892723	
POMT1	0.568024945	4.315580375	9.219616003	0.002394358	0.041910805	
ZBTB25	0.696278309	5.756384735	9.219198895	0.002394903	0.041910805	
MME	-1.536537507	1.065379602	9.195447856	0.002426177	0.042407009	
PCBP4	0.650145686	4.602826896	9.192466535	0.002430132	0.042425081	
SH2D1B	-1.044559962	4.215745402	9.163156784	0.002469362	0.043058208	
NRP1	-0.828638088	5.715970373	9.159929631	0.002473721	0.043072308	
LOC512286	-0.718309896	6.024792214	9.158169222	0.002476102	0.043072308	
DMBT1	-2.807700358	2.207879564	9.136268188	0.002505917	0.043538809	
LOC100847700	-0.630921171	4.545362557	9.128860459	0.002516084	0.043663224	
IL18R1	-0.933933443	2.483882913	9.124267183	0.002522409	0.043720754	
ISYNA1	1.071796146	1.00980766	9.120879203	0.002527085	0.043749591	
LOC515697	-0.688537849	7.234943122	9.117020013	0.002532422	0.04378979	
FAM96A	-0.515549603	6.019021619	9.103379676	0.002551376	0.04406509	
CPSF2	-0.371606626	6.139900928	9.095453645	0.002562456	0.04416459	
FAM131B	0.865767428	3.298959663	9.094909791	0.002563219	0.04416459	
CDC42BPA	0.890225475	3.097107266	9.084279188	0.002578161	0.044369414	
TGM2	-1.743697182	4.709940045	9.073951123	0.002592762	0.044567899	
LOC107132738	0.487596671	6.213079648	9.068887638	0.002599952	0.044638652	
KIF1C	-0.527407394	5.270490349	9.064225857	0.002606589	0.044699764	
MFSD11	-0.652817656	5.565644952	9.056703247	0.002617335	0.044774167	
PLXNA3	0.888951799	3.286919067	9.053668725	0.002621682	0.044774167	
TRPC3	-1.529438479	0.141558901	9.052888184	0.002622802	0.044774167	
TNFRSF8	-0.966310643	2.56393642	9.0512682	0.002625127	0.044774167	
MTMR12	0.427807091	4.984336215	9.050423265	0.00262634	0.044774167	
MAPK6	-0.436553012	6.135791263	9.044333226	0.002635103	0.044870895	
LGALS9	-0.5151009	8.188392816	9.025964474	0.002661714	0.045270964	
ABAT	-0.992145087	3.045523307	9.021895391	0.002667646	0.045318786	
ALAS1	-0.517132296	5.3034058	9.008254864	0.002687629	0.045553475	
LOC781977	-1.593131527	3.938239245	9.007257726	0.002689096	0.045553475	
CPNE5	1.259084266	0.580735848	9.0045523	0.00269308	0.045553475	
TLE1	0.77423974	3.882037599	9.003923754	0.002694006	0.045553475	
CASP1	-0.706877497	6.300244659	8.987378107	0.002718508	0.045914331	
AXL	-1.277807606	2.312338981	8.982081691	0.002726399	0.045994124	
STAMBP	-0.358446977	5.262523708	8.978585711	0.00273162	0.046028747	
ASB2	-1.308102898	1.218700472	8.937603908	0.002793589	0.047018407	
CARD10	-1.591118259	2.460239228	8.934580522	0.002798217	0.047041789	
PTGIR	-2.519643422	-0.387059299	8.92963755	0.0028058	0.047062964	
ZUFSP	-0.454095316	5.569035764	8.929132557	0.002806576	0.047062964	
LOC104972617	1.181403103	0.475458549	8.927427571	0.002809197	0.047062964	
HSPA12B	0.863943618	1.0111571	8.923817007	0.002814756	0.047101767	
DISC1	-0.891173242	3.496135044	8.913073194	0.002831364	0.047296589	
FAM160A2	0.415107396	5.79390347	8.912075579	0.002832911	0.047296589	
SDC4	-0.828830485	1.697462101	8.895896383	0.002858123	0.047662722	
LOC100335514	3.592050577	-0.185285431	8.875418158	0.00289036	0.048123295	
MRPS36	-0.538669317	4.022472589	8.874150874	0.002892367	0.048123295	
LOC407204	1.018048139	2.415273341	8.870727781	0.002897796	0.048128011	
ZBTB7B	-0.524387615	6.653884409	8.869794493	0.002899278	0.048128011	
ESYT3	-1.812494535	1.900442346	8.864716087	0.002907355	0.048134334	
ACOT13	-0.405346518	4.946282883	8.861955377	0.002911755	0.048134334	
SCP2	-0.512724536	7.772483664	8.858187806	0.002917771	0.048134334	
TLR8	-0.857224126	6.785957789	8.856532047	0.002920419	0.048134334	
SASH1	-1.659864739	-0.161968256	8.855242894	0.002922482	0.048134334	
ATP6AP2	-0.467647929	7.097059843	8.854282196	0.002924021	0.048134334	
DUSP22	0.555959035	4.109881347	8.852718888	0.002926526	0.048134334	
TRIM38	-0.5617868	6.327401682	8.850953296	0.002929359	0.048134334	
IPO11	0.571816098	6.096846554	8.850875282	0.002929484	0.048134334	
LTBP1	0.788304451	4.905049946	8.842609535	0.002942781	0.048298182	
LOC785745	4.728744267	-0.717052691	8.835504175	0.00295426	0.04843186	
ADAMTS2	-0.689081744	5.138436661	8.83284596	0.002958566	0.048447775	
LOC104970955	-2.011669464	2.277050433	8.828217168	0.00296608	0.04851612	
CYCS	-0.537368004	5.582935908	8.823596218	0.002973601	0.048558743	
ZNF37A	1.000683157	2.11817643	8.821606051	0.002976845	0.048558743	
CCDC114	0.80001187	3.194868893	8.818803	0.002981422	0.048558743	
LRIG1	0.633594594	4.74532931	8.817393325	0.002983726	0.048558743	
PBX4	-1.000798497	2.809228859	8.81549532	0.002986831	0.048558743	
ITGAE	0.39517935	5.279078313	8.81432675	0.002988745	0.048558743	
TRAF3IP2	0.524053941	4.809460972	8.807459872	0.003000014	0.048687378	
C10H15orf52	-1.131179102	2.209594705	8.797967135	0.003015664	0.048867578	
ID3	0.814064779	6.338745304	8.795109657	0.003020391	0.048867578	
EFHB	0.790329154	4.011704867	8.794614554	0.003021211	0.048867578	
TOMM34	0.373826714	5.810100402	8.787102284	0.003033678	0.048963828	
DAAM1	-0.460320482	5.266365506	8.786966528	0.003033903	0.048963828	
EPB41L1	0.908264236	1.647908511	8.775782666	0.003052561	0.049210273	
MAPK8IP3	0.391731526	5.809400043	8.770500664	0.003061414	0.049215223	
TOMM40L	-0.6217473	3.627206059	8.770054928	0.003062162	0.049215223	
LOC104973218	0.821676274	3.876595877	8.768655176	0.003064513	0.049215223	
C1S	-2.157864843	-1.080682299	8.765518505	0.003069788	0.049215223	
LOC104968958	-3.740165955	-0.126917567	8.765505309	0.00306981	0.049215223	
BAZ1A	-0.394598471	7.57699013	8.754634872	0.003088162	0.049454854	
PTPRR	-0.996081751	2.602010885	8.747228029	0.00310073	0.049601439	
ZNF605	0.533829165	5.069464647	8.742407421	0.003108938	0.049678024	
IRS2	0.666801778	5.304189999	8.740288071	0.003112553	0.049681141	
BFSP2	-0.708449168	3.500423916	8.73610628	0.0031197	0.049740549	
ASIP	-0.884353795	2.536618549	8.727440335	0.003134562	0.049829071	
GGT1	0.896804552	1.83099387	8.727005531	0.00313531	0.049829071	
PRKCD	-0.525152492	6.553027931	8.726869701	0.003135544	0.049829071	
PARP10	-0.545876646	6.880516055	8.719406791	0.003148405	0.049978774	
PSMA2	-0.499538372	6.814919325	8.716880766	0.00315277	0.049993432	