genes	logFC	logCPM	LR	PValue	FDR		
SYT4	2.589356149	2.996393708	44.13595496	3.06342E-11	4.37426E-07		
CDKN1A	2.108119145	4.709888149	40.2511674	2.23322E-10	1.59441E-06		
TLR5	2.21434807	2.982353927	36.93577196	1.22085E-09	5.81086E-06		
P2RY6	2.707514841	3.823100905	34.75920123	3.73111E-09	1.33191E-05		
SCARF1	1.209557062	4.138441912	34.26515358	4.80916E-09	1.3734E-05		
TNFSF9	1.478232351	2.891511073	33.3230243	7.8053E-09	1.59995E-05		
FAR2	2.059713844	3.452376101	33.31354582	7.84344E-09	1.59995E-05		
C1R	3.430769667	5.655336086	32.51795881	1.18096E-08	2.10787E-05		
TMC1	3.380655047	1.755583803	32.11784425	1.45098E-08	2.18174E-05		
SAMD4A	1.344113876	2.452438761	31.90245168	1.62112E-08	2.18174E-05		
NME8	3.041082684	1.072692842	31.83231631	1.68073E-08	2.18174E-05		
RIMBP3B	2.741423202	-0.455701396	31.5411746	1.95256E-08	2.32338E-05		
LOC101906823	-2.713072683	0.053307394	31.38484101	2.11627E-08	2.32448E-05		
TXNDC16	1.665917061	2.978772491	31.14122958	2.39921E-08	2.44702E-05		
C3AR1	1.947406507	3.584803059	30.53609078	3.27713E-08	3.11961E-05		
STXBP6	1.46193193	2.640525263	30.23308949	3.83117E-08	3.41908E-05		
CMKLR1	1.700944814	3.427321608	29.62524771	5.24177E-08	4.34223E-05		
LOC513659	2.020951055	6.014869	29.54129983	5.47378E-08	4.34223E-05		
CFI	3.19194158	2.702172806	29.28211292	6.25706E-08	4.70235E-05		
HHLA2	4.980336759	1.13655543	28.94561062	7.44393E-08	5.31459E-05		
IL17RC	1.403056352	3.171625407	28.84554119	7.83861E-08	5.32988E-05		
TBC1D9	1.454747539	5.392064489	28.74847634	8.24147E-08	5.34909E-05		
GPHN	1.193728915	4.287976396	28.6332046	8.74694E-08	5.43033E-05		
ENO3	1.734397648	5.165964848	28.45777406	9.57645E-08	5.69759E-05		
LDLRAD3	1.643135093	3.182736727	28.17092523	1.1106E-07	6.34333E-05		
UST	0.822351054	4.694065066	28.04098373	1.18773E-07	6.52293E-05		
CD86	1.010002813	5.927387743	27.92922427	1.25835E-07	6.6548E-05		
LAP3	1.78213445	8.007382882	27.70654751	1.41184E-07	7.19988E-05		
CLIC4	0.921627372	5.483359956	27.58006173	1.50724E-07	7.37944E-05		
LOC101903126	1.857465237	8.592653683	27.52544648	1.55041E-07	7.37944E-05		
TPC3	2.428880912	4.816394427	26.99468808	2.04015E-07	9.39721E-05		
DOCK4	1.224049348	3.882054073	26.88618298	2.15796E-07	9.62923E-05		
BAG3	0.98021608	4.449953677	26.74792453	2.31801E-07	0.000100299		
CNDP2	0.807999804	6.965298322	26.60304016	2.4985E-07	0.00010239		
LGALS9	0.760833886	8.193566405	26.59437946	2.50973E-07	0.00010239		
NUPR1	4.132723044	4.521816914	26.50604768	2.62714E-07	0.000104203		
ZBP1	1.752962596	6.263025109	26.41997081	2.74686E-07	0.000106006		
TRAFD1	0.667841461	6.862954729	26.1950756	3.08609E-07	0.000115964		
SASH1	2.712496162	-0.112233651	26.08979632	3.25902E-07	0.000118165		
CSF1R	1.062682517	7.438345606	26.05971643	3.31019E-07	0.000118165		
GPBAR1	2.045406509	3.304510869	25.98470623	3.44133E-07	0.000119851		
STXBP1	3.971340037	1.556076526	25.89927759	3.59704E-07	0.000122291		
LOC511531	2.227776035	7.09604655	25.75923097	3.86773E-07	0.000128436		
CYFIP1	0.91741789	5.589231134	25.5627105	4.28236E-07	0.000138972		
ADRB3	3.340757096	1.088770615	25.45549531	4.52706E-07	0.000143649		
WARS	1.175679912	8.299200324	25.38000362	4.70773E-07	0.000146134		
SHISA5	0.902353362	6.315180986	25.22401568	5.10426E-07	0.000155072		
SLC12A7	1.369669447	6.718604429	25.14326623	5.32252E-07	0.000155226		
MITF	1.016139273	5.366634197	25.1417338	5.32675E-07	0.000155226		
OPTN	0.969322545	5.410041561	25.10061411	5.44155E-07	0.0001554		
LOC521214	3.02709685	1.868026088	25.01750626	5.68121E-07	0.000159063		
ID1	3.267171459	1.540017662	24.89720713	6.047E-07	0.000166048		
TCTN1	-1.201643175	4.29884129	24.78195773	6.41956E-07	0.000172953		
LOC101906105	2.828790309	-0.793946327	24.64260165	6.90092E-07	0.000182478		
ACP2	0.910681203	6.105296004	24.55650693	7.21622E-07	0.00018471		
KIAA0226L	-0.684992166	6.696671907	24.54909643	7.24403E-07	0.00018471		
ADAMTS2	0.946455717	5.136541898	24.40648722	7.80056E-07	0.000193824		
CCRL2	1.571211816	2.971532478	24.38868707	7.87297E-07	0.000193824		
SORBS3	1.791197779	2.360768008	24.29882352	8.24894E-07	0.000199353		
C16H1orf115	2.061283959	4.385884743	24.24199274	8.49596E-07	0.000199353		
ZPBP2	-0.629728076	5.219836344	24.23736467	8.51639E-07	0.000199353		
FAM26F	1.748855522	3.512024498	23.95569749	9.85781E-07	0.000227032		
LOC781710	2.307668875	6.304965621	23.87315752	1.02897E-06	0.000233216		
SNX10	1.389794524	7.961936921	23.79906664	1.06934E-06	0.00023858		
TXNL4B	0.659935659	5.180790416	23.7183508	1.11514E-06	0.000243179		
ROR2	1.961132966	1.018456722	23.703094	1.12402E-06	0.000243179		
NLRC4	1.199326141	5.206772789	23.58594918	1.19457E-06	0.000250843		
MAFB	1.181276554	5.881020136	23.58593272	1.19458E-06	0.000250843		
NFE2L3	1.137466321	5.707097712	23.4246554	1.29903E-06	0.000268824		
MPEG1	0.866508093	8.465458865	23.30441906	1.38282E-06	0.000280257		
PKLR	1.861292929	0.963349624	23.28957308	1.39353E-06	0.000280257		
ARHGAP17	0.666426937	6.996326658	23.25137599	1.42149E-06	0.000281909		
LOC521224	1.288763478	3.631227992	23.21993548	1.44492E-06	0.000282128		
MYOF	1.43869946	5.717487	23.19719066	1.46211E-06	0.000282128		
ABCA3	0.876468347	5.538996942	23.09893469	1.53876E-06	0.000292959		
LOC507055	1.401236922	7.69484133	23.07102914	1.56126E-06	0.000293331		
RAB7B	2.012475616	4.26571863	23.04182737	1.58515E-06	0.00029371		
AXL	2.012797966	2.312200433	23.01860384	1.60441E-06	0.00029371		
CTTNBP2NL	1.648577913	3.161469983	22.8823884	1.72223E-06	0.000300966		
MOCOS	1.550679386	4.047167477	22.87372751	1.73E-06	0.000300966		
PLCB3	0.663815489	4.95142964	22.86361584	1.73913E-06	0.000300966		
TNFAIP8L3	3.966162073	0.23301522	22.85288551	1.74887E-06	0.000300966		
ANXA3	1.084554917	7.881182695	22.83060957	1.76925E-06	0.000300966		
TMEM71	-0.609458786	7.542794879	22.82924124	1.77051E-06	0.000300966		
SPATA6L	-2.684663396	2.745747589	22.76174125	1.8338E-06	0.000301995		
ATP6V1B2	0.810106894	7.161154091	22.73964642	1.85501E-06	0.000301995		
LOC107132962	1.828477764	3.200717507	22.73238184	1.86203E-06	0.000301995		
AGMAT	1.581906935	3.445523128	22.71996207	1.87411E-06	0.000301995		
STK3	0.997718219	4.053958076	22.71156783	1.88231E-06	0.000301995		
CXCL10	2.11686472	3.971494335	22.50681276	2.094E-06	0.000332224		
CFAP69	2.492330345	1.151327339	22.41660795	2.19468E-06	0.000344372		
CCR2	0.900981773	6.892404079	22.3884671	2.22707E-06	0.000345656		
LOC104974257	2.061288741	2.756118528	22.33469995	2.2903E-06	0.000351648		
ACE	2.688584559	2.503353253	22.23152746	2.41673E-06	0.000367111		
LOC526745	3.90212602	-0.714479741	22.16340243	2.50402E-06	0.000376367		
C2	2.770502995	5.785199433	22.10242451	2.58483E-06	0.000384467		
PAQR8	0.658029149	4.744486868	22.05288856	2.6524E-06	0.00039045		
LOC614141	1.893234301	3.798144727	21.88875247	2.88922E-06	0.000417227		
FCGR3A	1.677424915	8.161430785	21.88641681	2.89274E-06	0.000417227		
MX2	2.151341197	7.002411503	21.78216926	3.05425E-06	0.000436117		
PIP4K2A	0.678284732	7.526665974	21.7562774	3.09575E-06	0.000436605		
AKAP7	0.888610987	3.980185471	21.74203269	3.11882E-06	0.000436605		
MAP2	1.391396208	5.078641118	21.6365994	3.29504E-06	0.000456795		
ATP8B4	0.969830329	6.07599988	21.60789375	3.34472E-06	0.000459224		
LOC101904239	1.077961996	2.462891132	21.54192265	3.46178E-06	0.000470769		
IL27	1.8804352	2.088571944	21.51942031	3.50264E-06	0.000471831		
CTSZ	1.15720273	7.371957973	21.30502546	3.91703E-06	0.000522723		
CRLF2	2.242490368	3.092012575	21.2541918	4.0223E-06	0.0005318		
TSPAN33	1.584766759	3.133780711	21.23337574	4.06622E-06	0.000532675		
CROT	1.396903766	4.187018293	21.20634783	4.12396E-06	0.000535328		
LOC783920	1.309043869	8.74603898	21.11068828	4.33503E-06	0.0005559		
MT2A	2.156771669	2.290197096	21.09955099	4.3603E-06	0.0005559		
DENND2A	2.726071493	3.198156034	21.07658126	4.41288E-06	0.000557625		
SLAMF8	2.556803205	2.291292753	21.0123248	4.56338E-06	0.000570775		
CNKSR3	1.905579074	0.408391855	20.99830554	4.5969E-06	0.000570775		
RNF19B	0.692484972	6.478848292	20.87775611	4.89547E-06	0.000602607		
IVD	0.567266911	6.416905682	20.84544832	4.97874E-06	0.000607619		
TMEM106A	0.605747274	5.992463075	20.81423538	5.06054E-06	0.000612368		
AP1M2	1.927740508	0.503266295	20.75379552	5.2228E-06	0.000622707		
LGMN	0.737577173	7.514072924	20.74998626	5.2332E-06	0.000622707		
TMEM51	1.908057708	3.052691191	20.70365986	5.36134E-06	0.000625924		
PSAP	0.793078364	10.5213626	20.70065226	5.36977E-06	0.000625924		
CNTLN	1.154282365	2.063815954	20.69283439	5.39174E-06	0.000625924		
BHLHE41	-0.875350658	3.307132575	20.66423312	5.47288E-06	0.00063022		
LTBR	1.07773274	4.395418504	20.64529045	5.5273E-06	0.00063091		
LOC107131142	1.595113763	3.272272645	20.6315044	5.56724E-06	0.00063091		
POR	0.521173728	5.563099382	20.6010534	5.6565E-06	0.000635977		
PLCD3	2.217142172	-0.624521062	20.56806121	5.75483E-06	0.000641978		
ATP1B3	0.774058331	6.396157741	20.52229324	5.89408E-06	0.000649959		
ALDOC	0.827551226	5.901458247	20.51473246	5.9174E-06	0.000649959		
SLC16A1	0.661473207	5.693681193	20.47890441	6.02921E-06	0.000657184		
ACVRL1	1.214850405	5.55388556	20.46330979	6.07854E-06	0.000657541		
LOC107132762	-2.944452246	1.721790611	20.32892692	6.52073E-06	0.000700071		
UNC5A	-2.465933264	-0.271051619	20.21036983	6.93758E-06	0.000739267		
GLRX2	0.916279509	4.675148506	20.08951235	7.39008E-06	0.000781652		
LGALS3BP	0.592009441	6.413410019	19.9428092	7.97935E-06	0.000837773		
GJA10	2.358094065	3.487165572	19.86313015	8.31894E-06	0.000867052		
MGC139164	-0.513293069	8.009800911	19.81636079	8.52498E-06	0.000880294		
MAPRE2	0.924891513	8.153126537	19.80645354	8.56929E-06	0.000880294		
LOC101905734	-1.139762566	1.848783921	19.77592857	8.70724E-06	0.000888076		
HPGD	-1.718678925	3.713524792	19.71644574	8.9825E-06	0.000909654		
CPED1	1.456098736	2.488754165	19.67703748	9.16966E-06	0.000920468		
P2RY1	1.459133241	5.104023392	19.66694614	9.21822E-06	0.000920468		
IDH1	0.765635329	5.138789788	19.6342212	9.37745E-06	0.000924672		
ASAH1	0.676943482	6.621152257	19.63169904	9.38984E-06	0.000924672		
MVP	0.692440987	7.232462112	19.56854268	9.70541E-06	0.000949203		
LOC101907799	2.511870222	4.124866156	19.50080936	1.00557E-05	0.000967572		
MERTK	2.172063034	2.877655575	19.49487611	1.0087E-05	0.000967572		
SEPN1	0.772255795	4.714940074	19.49307129	1.00965E-05	0.000967572		
ERO1A	0.619248828	5.99840177	19.45439808	1.0303E-05	0.00098078		
COL5A3	3.296247501	-0.038525124	19.43893609	1.03868E-05	0.000982204		
LOC508153	0.572038288	6.932044069	19.36995322	1.07688E-05	0.001011631		
MFSD2B	1.130603879	3.498588398	19.32312332	1.10362E-05	0.001029971		
SIGLEC1	1.75446798	2.069138246	19.2742189	1.13225E-05	0.00104983		
ARPIN	1.328081101	1.114072867	19.20593378	1.17348E-05	0.001081041		
ARSG	-1.952430841	5.938102216	19.14931648	1.20881E-05	0.001106447		
ALDH1A1	2.36601935	0.225641351	19.08595917	1.24961E-05	0.001136507		
MAPKAPK3	0.835144699	5.727929665	19.03073716	1.2863E-05	0.00116247		
PPARGC1B	0.975712074	4.649715634	18.98871905	1.31494E-05	0.001177593		
ZC3H12C	0.749980416	4.386875546	18.98207179	1.31952E-05	0.001177593		
ZAN	-1.543600985	-0.057399986	18.96112237	1.33409E-05	0.001182836		
LYSMD1	1.096653617	4.411682748	18.94234294	1.34729E-05	0.001182836		
P2RY10	-0.489832282	6.140267787	18.93600478	1.35177E-05	0.001182836		
CRAT	0.562442886	5.12852504	18.92648571	1.35853E-05	0.001182836		
LOC104976500	1.786176454	3.538746878	18.84400764	1.41856E-05	0.001227614		
EXOC3L2	1.59021145	0.665477572	18.75528013	1.48611E-05	0.001270834		
MOV10	0.55840976	6.37378045	18.75351255	1.48749E-05	0.001270834		
CDH10	2.253484908	4.466886511	18.7374661	1.50006E-05	0.001270834		
ATP1A1	0.768197859	7.669550878	18.71973468	1.51407E-05	0.001270834		
IL1R2	-1.438501062	2.737095909	18.71743612	1.5159E-05	0.001270834		
PEPD	0.55292529	6.000632377	18.70989916	1.5219E-05	0.001270834		
TNFSF13B	1.430963062	1.514198737	18.69295355	1.53549E-05	0.001274723		
EPHX2	1.007552016	4.091294243	18.66249758	1.56021E-05	0.001287761		
AKAP1	0.504493368	5.482616051	18.62044548	1.59501E-05	0.001308915		
CRYBG3	1.369231046	1.69504243	18.5677684	1.6397E-05	0.001334093		
DHRS9	-1.2161193	3.239317185	18.56233645	1.64438E-05	0.001334093		
ARHGEF12	0.768593728	4.268232618	18.52980281	1.67268E-05	0.001349392		
ANKRD33	2.208296931	-0.484675089	18.50613934	1.69358E-05	0.001351503		
STOM	0.852703012	7.388746225	18.50181471	1.69743E-05	0.001351503		
CHCHD10	1.922442368	1.247607698	18.49478897	1.70369E-05	0.001351503		
RRAS	1.113573261	2.616531506	18.47310803	1.72319E-05	0.001359413		
TESK2	0.745934356	4.146244674	18.44089372	1.75256E-05	0.001374992		
PREB	0.561202833	5.961363622	18.34698618	1.8411E-05	0.001436561		
ZNF672	0.937044845	3.44844228	18.3046871	1.88243E-05	0.001460831		
BCL2L15	1.392191743	6.112282092	18.28793788	1.89906E-05	0.001465765		
BATF2	3.090072137	4.560139857	18.24322753	1.94416E-05	0.001492508		
LOC781977	1.934679379	3.977445773	18.21645895	1.97168E-05	0.001505538		
COX7C	1.115225373	6.074638411	18.19726566	1.99165E-05	0.001512697		
DYNLL1	0.785723539	6.851520786	18.08150553	2.11647E-05	0.001599001		
SLC25A17	0.864964072	5.062773476	17.98767396	2.2234E-05	0.001670944		
STX2	0.972735344	6.272975701	17.9515042	2.26605E-05	0.00169253		
LOC101907127	-0.832333793	2.746488536	17.94330941	2.27583E-05	0.00169253		
ZFYVE9	0.588237042	4.576364162	17.92479118	2.29808E-05	0.001693476		
TMEM150B	1.199938919	3.646576026	17.91920322	2.30484E-05	0.001693476		
CMPK2	1.441428761	5.270040489	17.91273659	2.31268E-05	0.001693476		
SYNJ2BP	0.676582542	5.287561212	17.88794994	2.343E-05	0.001698324		
GAS2L1	1.043626349	4.554178874	17.8878766	2.34309E-05	0.001698324		
ACSS2	0.488646153	5.514089228	17.85277838	2.38671E-05	0.00171969		
LOC107131831	2.413497423	0.192239917	17.83767669	2.40572E-05	0.00171969		
RBPMS2	2.371213872	2.300993464	17.83532426	2.4087E-05	0.00171969		
LOC504861	1.254748582	3.669860341	17.81941709	2.42892E-05	0.001725499		
C10H15orf52	1.355919287	2.226166143	17.78535471	2.47279E-05	0.001739472		
SDHAF2	0.729158177	6.048985247	17.78523274	2.47295E-05	0.001739472		
HES4	1.76605835	4.068259029	17.74670261	2.52355E-05	0.001766358		
GCLM	0.712609785	4.183653095	17.72610798	2.55101E-05	0.001776874		
LARGE	1.324217286	2.297529917	17.66554055	2.63355E-05	0.001825457		
SOCS1	1.119369093	2.498268036	17.62444487	2.69107E-05	0.001856318		
ACER3	0.941426417	4.059938835	17.5253883	2.83497E-05	0.001936697		
GPR183	-0.495652501	6.940654004	17.51425362	2.85162E-05	0.001936697		
SNX33	1.222187269	0.554580928	17.5124808	2.85428E-05	0.001936697		
LOC101903157	1.451462436	3.462361778	17.50744611	2.86185E-05	0.001936697		
MMP19	0.956405031	3.354644125	17.47294962	2.91425E-05	0.001962856		
GRAMD1C	0.738039045	5.255487482	17.45149963	2.94732E-05	0.001975809		
ZCCHC14	1.609854266	1.413363882	17.43387222	2.97477E-05	0.001984897		
BDH2	-1.146350223	2.925572157	17.422551	2.99254E-05	0.001987467		
LOC100140121	-1.201871871	0.401985621	17.29040339	3.20803E-05	0.002120715		
LOC783613	0.800700958	6.31482346	17.28003168	3.22559E-05	0.002122496		
FAM20A	1.122811263	2.630425888	17.25497433	3.26841E-05	0.002131193		
LOC104971180	1.432600261	1.303140714	17.2548301	3.26866E-05	0.002131193		
IGSF8	0.789953467	5.189000355	17.23820059	3.29739E-05	0.002140156		
APPL2	-0.476326324	5.738743877	17.22539204	3.3197E-05	0.002144884		
TMBIM1	0.840337859	5.588579155	17.21356331	3.34043E-05	0.002148558		
FOXS1	1.472834359	2.990043438	17.18104665	3.3981E-05	0.002154488		
PARP3	1.032728669	3.787728019	17.1754241	3.40817E-05	0.002154488		
LOC529196	1.058858566	4.326996913	17.17459016	3.40967E-05	0.002154488		
ARL5C	-0.677432464	4.867133173	17.16946449	3.41888E-05	0.002154488		
ADPGK	0.520429633	5.071975927	17.16320464	3.43017E-05	0.002154488		
LOC784058	0.78935166	6.199048239	17.15766726	3.44018E-05	0.002154488		
PTPRO	1.683578805	1.963245065	17.1215874	3.50615E-05	0.002181221		
NAE1	-0.420601569	5.280657575	17.11765609	3.51342E-05	0.002181221		
ACSL5	0.711318296	7.491104442	17.10507735	3.53676E-05	0.002181292		
TRIM21	0.531550325	6.135262049	17.10114956	3.54408E-05	0.002181292		
DMBT1	3.993171243	2.151191553	17.07247435	3.598E-05	0.002204974		
ARHGAP21	0.77793483	4.140435077	17.02201215	3.6949E-05	0.00224312		
SEC23A	0.52168282	5.421317628	17.01909432	3.70058E-05	0.00224312		
LOC100848006	-1.10813372	4.854835277	17.01561005	3.70738E-05	0.00224312		
LOC107132435	-1.160097146	0.56891196	16.99624856	3.74537E-05	0.002256549		
ZBED5	-0.400255131	5.438979364	16.98007065	3.77742E-05	0.002266296		
CA2	1.434395093	2.849845146	16.96696817	3.80358E-05	0.002272443		
NPHP1	0.688189055	4.094602359	16.9409521	3.85607E-05	0.002294199		
FOXO4	-0.509788534	4.991570584	16.92472402	3.88917E-05	0.002304294		
CD300LB	1.169897496	4.610706363	16.91625395	3.90656E-05	0.002305034		
EHD4	0.854359468	3.473688859	16.85093222	4.04335E-05	0.002369102		
LOC101902838	2.082700656	3.162410406	16.84859457	4.04833E-05	0.002369102		
CTSS	0.892282222	9.399224747	16.83309527	4.08153E-05	0.00237878		
GLB1L	1.105521189	1.579915759	16.79022206	4.17479E-05	0.00242319		
CLIC2	1.913808034	0.837652897	16.78256512	4.19167E-05	0.00242319		
LOC101905447	0.799244397	5.941175698	16.76819008	4.22354E-05	0.002431772		
HIST1H2BD	0.915360294	4.183665337	16.74121268	4.28402E-05	0.002456688		
HRH1	1.356083394	2.612457299	16.70612645	4.36398E-05	0.002490184		
SMPD3	-1.97083886	2.043415014	16.70034199	4.37731E-05	0.002490184		
PLOD1	0.675704833	4.269807718	16.67971661	4.42516E-05	0.002507416		
SLC2A6	0.974514012	5.752804982	16.61965934	4.56751E-05	0.002575954		
TRIM14	0.570232703	5.447901981	16.60723202	4.59754E-05	0.002575954		
AKAP2	0.968362101	5.163375834	16.60611726	4.60024E-05	0.002575954		
MPP1	0.630494253	6.828319519	16.54589764	4.74866E-05	0.002648677		
LOC790312	0.945856146	4.160338973	16.53125352	4.78548E-05	0.002658781		
TICAM2	0.531961727	4.925985346	16.52392121	4.80402E-05	0.002658781		
TRIM47	1.357611493	3.764180232	16.51277664	4.83233E-05	0.002664128		
URI1	0.441585063	6.022948307	16.49976298	4.86562E-05	0.002672159		
CHP1	0.762917942	6.144810986	16.48494722	4.90379E-05	0.002682803		
SLC46A2	0.882570058	5.712725233	16.47669202	4.92518E-05	0.002684225		
P2RX1	1.647735028	3.456956527	16.46648572	4.95177E-05	0.002688454		
CDC42BPB	1.565581108	1.645668913	16.4482079	4.99974E-05	0.002696731		
LRRC28	0.965279402	4.563150144	16.4462956	5.00479E-05	0.002696731		
LOC515676	4.636256851	-0.300252729	16.42433386	5.06311E-05	0.002717899		
MAG	1.574211637	0.981854487	16.40658322	5.11074E-05	0.002733194		
LOC107131330	2.114112149	1.485703347	16.27463147	5.47926E-05	0.002919343		
OBSL1	-1.143516654	3.484987979	16.20609105	5.68112E-05	0.003015638		
SRSF5	-0.548768919	8.652656569	16.18186374	5.75424E-05	0.003038226		
MYO9A	0.674836003	5.335942919	16.17792246	5.76623E-05	0.003038226		
FZD2	3.388661626	-0.87415004	16.16202001	5.81484E-05	0.003044586		
MOB1B	0.623892486	5.75337468	16.15989474	5.82137E-05	0.003044586		
PCYT1A	0.487253555	5.924592163	16.15310817	5.84226E-05	0.003044586		
FKBP15	0.452812858	6.460207068	16.14453736	5.86876E-05	0.003047273		
OAF	0.942808969	2.209063582	16.12915912	5.9166E-05	0.003060985		
SMTN	0.776903229	2.640805234	16.06431205	6.12271E-05	0.00315618		
LPIN3	0.951487252	2.040045781	16.04374568	6.18957E-05	0.00317917		
CAPRIN2	-0.654396587	3.50806775	16.0339521	6.22167E-05	0.003184202		
TAP1	0.527288242	8.733255895	16.014979	6.28433E-05	0.003204784		
AQP9	1.22127577	3.468770708	15.99925655	6.33674E-05	0.003220009		
ATG7	0.550908304	4.943036007	15.96779238	6.44293E-05	0.003262364		
TTYH3	0.623505225	6.155932188	15.96056772	6.46757E-05	0.003263267		
MPV17L	2.072657848	0.150481238	15.89914873	6.68088E-05	0.003359022		
DAAM1	0.568228229	5.276642516	15.88985995	6.71375E-05	0.003359908		
LOC101902705	-0.566516075	3.958486993	15.8853682	6.7297E-05	0.003359908		
CLIP1	0.636631922	7.039169295	15.86485669	6.80303E-05	0.003384687		
C3H1orf54	1.186388317	2.805852894	15.81960908	6.96767E-05	0.003454559		
NR1H3	1.178324433	4.821906373	15.79666258	7.05268E-05	0.00348461		
LOC107132458	-1.23455997	1.813856643	15.76463274	7.1731E-05	0.003531884		
PYCARD	0.930259267	5.688845449	15.75697158	7.2022E-05	0.00353403		
TIMP2	0.875526087	6.547350747	15.73705135	7.27844E-05	0.003559209		
NACC2	1.119872124	3.324955392	15.70214346	7.41401E-05	0.003613024		
PWWP2B	1.179171893	1.887561286	15.69575344	7.4391E-05	0.003613024		
ALOX15	-1.774794142	5.18351495	15.68930748	7.4645E-05	0.003613069		
CCDC187	0.995863859	3.644018159	15.66484274	7.56168E-05	0.003647743		
CPNE5	-1.483137463	0.553989121	15.65208148	7.61287E-05	0.003660075		
LIMS1	0.852251543	7.312085556	15.61458424	7.76533E-05	0.00371033		
CDHR5	4.863532784	1.015136606	15.61360143	7.76937E-05	0.00371033		
MTHFD2	0.656999424	4.781044943	15.59211588	7.85816E-05	0.003740221		
GLRX5	0.707365606	4.325553618	15.56119672	7.98772E-05	0.003789257		
SPRED1	1.048126718	1.906960298	15.54616032	8.0515E-05	0.003806867		
SPHK1	0.778141713	5.521089536	15.48311773	8.32454E-05	0.003922976		
CLASP1	0.577067559	6.169350007	15.45660476	8.44214E-05	0.003959763		
WDR35	-1.131556215	3.199758354	15.45304202	8.45807E-05	0.003959763		
IFFO1	0.671452169	5.442678264	15.44067818	8.51358E-05	0.003972727		
RBCK1	0.493530836	7.226327768	15.42371766	8.59033E-05	0.003991821		
GNAQ	0.911271504	3.461853062	15.41930555	8.61041E-05	0.003991821		
GBP5	1.423871156	5.909577495	15.4089529	8.65771E-05	0.00400076		
ZAK	0.468622055	5.115489427	15.38097511	8.78685E-05	0.004047339		
DDR2	-1.031647644	1.915184061	15.34792363	8.94191E-05	0.004092901		
AMPD3	-1.01886713	5.767626009	15.34192488	8.97035E-05	0.004092901		
C23H6orf229	-0.714952322	2.617158529	15.33984209	8.98025E-05	0.004092901		
GPER1	3.006461682	-0.735156837	15.3346145	9.00513E-05	0.004092901		
LYPD8	-1.597029996	-0.106613155	15.32959423	9.02909E-05	0.004092901		
C8H9orf72	0.687386305	5.03614824	15.30718691	9.13682E-05	0.00412863		
SCPEP1	0.563584334	7.152306027	15.26868013	9.32499E-05	0.004186523		
PARP10	0.627540234	6.895452883	15.26826724	9.32703E-05	0.004186523		
LOC100848940	-0.539910708	9.857098113	15.26303563	9.3529E-05	0.004186523		
DRAM1	0.944005986	4.118247259	15.21733211	9.58199E-05	0.004275665		
NAGK	0.486869813	6.496335373	15.19370971	9.70261E-05	0.004315998		
PAM	0.867796125	6.725399134	15.1824602	9.76058E-05	0.004328303		
SPG20	1.028750757	3.605036482	15.16713026	9.84015E-05	0.004347083		
LOC509029	2.291733313	0.096935118	15.16259381	9.86382E-05	0.004347083		
VDAC1	0.541925082	6.265803146	15.15005625	9.92954E-05	0.00436258		
NOD1	0.868605881	4.291457643	15.11899875	0.000100942	0.004421334		
SPOCK2	-0.475569671	9.238958292	15.10225206	0.000101842	0.004442798		
LPAR5	0.760558814	2.980198117	15.09430315	0.000102271	0.004442798		
RSAD2	1.891470489	5.592755465	15.09256377	0.000102366	0.004442798		
ABHD5	0.664159078	4.889740337	15.07384351	0.000103386	0.00447348		
KREMEN1	-1.204227459	2.793092146	15.04578927	0.000104934	0.004526749		
MMP14	2.530056904	-0.016705665	15.01744866	0.000106522	0.004581396		
SDC3	1.458724073	0.871913672	15.00290982	0.000107346	0.004602963		
ARHGAP32	2.456500134	0.133481949	14.98780328	0.000108208	0.004626067		
LOC101906756	-0.452770603	4.867465186	14.97787635	0.000108779	0.004636585		
LOC518134	-1.080458435	3.993460665	14.96267696	0.000109659	0.004647562		
FERMT3	0.519698659	7.521998042	14.96218289	0.000109688	0.004647562		
IL12B	-1.432051872	1.501745884	14.94728896	0.000110557	0.004670534		
LAMP1	0.748675507	8.52287391	14.91585631	0.000112414	0.00473499		
MUC19	1.777454453	0.440872871	14.86964986	0.000115202	0.004829303		
F13A1	0.750481256	10.2175538	14.86755523	0.00011533	0.004829303		
COLGALT1	0.525853098	6.516498143	14.84927799	0.000116453	0.004862068		
LOC104969545	-1.082285976	2.29070061	14.83447395	0.00011737	0.004886094		
DPAGT1	0.623420817	4.549460759	14.82684183	0.000117846	0.004891645		
S1PR1	-0.518628961	7.842031493	14.81219666	0.000118765	0.00491549		
GBP4	1.110908361	5.269164268	14.79762161	0.000119686	0.004939311		
TBC1D8B	1.008526485	2.307808498	14.78745888	0.000120333	0.00495169		
ADAM17	0.431285177	6.048337513	14.75616846	0.000122347	0.005010068		
ATP11A	0.691170363	5.440594343	14.74712529	0.000122935	0.005010068		
PSRC1	-1.160212608	0.456328218	14.74473046	0.000123091	0.005010068		
LOC512869	1.139134611	3.74641196	14.74374751	0.000123155	0.005010068		
LOC512286	0.742122532	6.0478942	14.73347126	0.000123828	0.005023139		
CDH13	1.897625101	2.124251248	14.72020716	0.000124703	0.005044273		
SNX15	0.671551633	3.955642078	14.69747746	0.000126215	0.005091037		
PNP	0.873092125	7.710409943	14.67700003	0.000127594	0.005132145		
FLOT2	0.606875236	5.880204313	14.64003946	0.00013012	0.005219074		
LOC101905590	1.050557004	2.699339906	14.63284917	0.000130618	0.005224348		
STX18	0.474044056	4.445184464	14.62305939	0.000131298	0.005236887		
DHRS4	0.888024947	4.488579055	14.60437846	0.000132606	0.005274324		
CFB	1.965784635	1.953196942	14.5937218	0.000133358	0.005289501		
LOC788801	0.683771262	7.290937224	14.58342187	0.000134089	0.005296099		
HIP1	0.706321991	4.923799696	14.580933	0.000134266	0.005296099		
CCDC86	0.622629425	4.448969358	14.57272905	0.000134852	0.005304554		
LOC107133121	1.13542014	2.342171083	14.55999487	0.000135767	0.005325853		
FTL	0.65499952	8.669588772	14.54013391	0.000137205	0.005358796		
STAMBPL1	-0.449674271	4.561595555	14.53805242	0.000137357	0.005358796		
HIST1H1D	1.177596678	3.89421309	14.52977004	0.000137962	0.005363901		
PLXND1	1.118595324	4.400480877	14.52360288	0.000138414	0.005363901		
CADPS2	1.229060647	2.324315386	14.52087916	0.000138615	0.005363901		
TSPAN32	0.774033862	5.635860549	14.4824029	0.000141475	0.005459788		
ASGR2	2.085464015	0.358709434	14.41566408	0.000146578	0.005625119		
PDXK	0.840238287	4.932490902	14.41189857	0.000146871	0.005625119		
NFIX	1.320953447	-0.092631985	14.41100696	0.000146941	0.005625119		
RGS10	0.662963286	6.711441542	14.40387636	0.000147498	0.005631362		
ITGAE	-0.421214874	5.283778281	14.39279874	0.000148369	0.00563863		
CFAP126	1.113253184	3.169342275	14.39140437	0.000148479	0.00563863		
LOC104970698	1.288060497	0.65130461	14.36563728	0.000150524	0.005701159		
ECM1	1.446940862	5.889855217	14.30045413	0.000155827	0.005886396		
CLIC5	0.883904596	5.7070723	14.28752515	0.000156901	0.005911328		
STEAP3	0.948530804	4.084608891	14.25333	0.000159778	0.006003863		
LOC104971636	-0.923017373	1.387256928	14.23411872	0.000161417	0.006049544		
ATF3	0.798543479	3.310061191	14.21838302	0.000162773	0.006084371		
LOC101908167	-1.490897099	1.279098762	14.20259431	0.000164144	0.006111223		
DPP3	0.408997062	5.336988427	14.20027	0.000164347	0.006111223		
ABAT	1.022948368	3.071383036	14.19337372	0.00016495	0.00611773		
MGST1	0.822817555	5.719685645	14.1813354	0.000166009	0.006141046		
VCL	0.782372378	7.748396745	14.17496	0.000166573	0.006145967		
LOC104973832	1.855110799	0.992685665	14.15702295	0.000168168	0.006185548		
TMEM106B	-0.514421549	6.550899993	14.15318416	0.000168512	0.006185548		
WFDC3	2.055053327	-0.385413803	14.13588956	0.000170068	0.006226666		
POLG2	-0.477583497	5.197797848	14.10365556	0.000173007	0.006318082		
IFI44	1.09607854	5.562193236	14.07743847	0.000175436	0.006365609		
DDX58	1.007723416	6.420820622	14.07641594	0.000175531	0.006365609		
SULF2	-1.163788118	2.150739459	14.07518345	0.000175646	0.006365609		
ABHD1	0.538785823	4.593992077	14.06669203	0.000176441	0.006378225		
TBC1D8	0.827107722	6.51602341	14.04555171	0.000178435	0.006434038		
CENPBD1	-0.823723776	1.755092246	14.03888841	0.000179069	0.006440612		
CALCOCO2	0.492760612	7.372468423	13.99495427	0.000183302	0.0065763		
MAP4K3	-0.681406336	5.067871173	13.96565497	0.000186181	0.006662846		
GNS	0.580420008	6.653284807	13.94947908	0.00018779	0.006703622		
ZNF618	1.012761975	1.836267235	13.93906652	0.000188833	0.006718173		
LOC509283	1.023394173	8.05443843	13.93602733	0.000189138	0.006718173		
RHCG	4.050761575	-0.671770361	13.92254627	0.0001905	0.006735671		
OAS1Y	2.123493199	5.281404963	13.921809	0.000190574	0.006735671		
IQSEC2	0.686675432	2.913784798	13.89244143	0.000193575	0.006814573		
PECAM1	0.79993804	5.349978752	13.89063776	0.000193761	0.006814573		
SRPK3	1.669576892	-0.386599305	13.84920399	0.000198081	0.006949369		
DISC1	0.948941706	3.486996376	13.7931283	0.000204081	0.007142346		
LOC100847780	0.99901799	2.660577008	13.77300022	0.00020628	0.00720163		
STAC2	-1.072648906	3.120365426	13.76619216	0.000207029	0.007210148		
ACKR2	1.42159026	0.930623492	13.75112609	0.000208696	0.007240156		
SRGAP2	0.61065996	5.075694493	13.74924942	0.000208904	0.007240156		
ABO	0.995588787	2.655625597	13.68848604	0.000215773	0.007460115		
CXCL16	0.829367486	4.304279655	13.68297095	0.000216408	0.007463984		
UBE2F	0.579764369	5.370018178	13.6738226	0.000217465	0.007482361		
LOC101902172	0.788446047	4.369445529	13.66205858	0.000218831	0.007508987		
IL7	1.140498327	2.964980938	13.65812483	0.00021929	0.007508987		
LOC101906463	-1.43085142	4.762200497	13.62555057	0.000223128	0.007622118		
KCNN4	-0.53699578	6.365127263	13.57501728	0.000229216	0.007802223		
CISH	0.542008608	5.166785461	13.5727475	0.000229493	0.007802223		
KIF1B	0.501340116	5.164423941	13.56192803	0.00023082	0.007815668		
C16H1orf233	1.133910879	0.399572675	13.56059887	0.000230983	0.007815668		
LOC515150	-1.609244276	3.835790959	13.55297184	0.000231924	0.00782894		
DOK2	0.560150387	6.633272699	13.50897654	0.000237425	0.007995735		
AGBL3	-1.058269796	2.88904102	13.49346036	0.000239396	0.008043153		
GLMN	-0.364492876	5.055540542	13.47090358	0.000242292	0.008121319		
ERO1B	-0.531510611	6.325673406	13.45812756	0.000243947	0.008157659		
ADORA2B	-0.354682811	6.285894605	13.43989063	0.00024633	0.008213036		
GNB4	0.790258021	4.740981846	13.43666825	0.000246753	0.008213036		
STK17B	-0.468139014	9.265339302	13.42623003	0.00024813	0.008226768		
ZYX	0.690011827	9.254163596	13.42480898	0.000248318	0.008226768		
LOC101904916	1.641507972	0.842719971	13.39819977	0.000251866	0.008324985		
GLRX	0.681436743	6.885364837	13.35984816	0.000257069	0.008435808		
CXHXorf23	-0.525947319	5.01037371	13.35974361	0.000257083	0.008435808		
CCR5	1.191805216	3.302214859	13.35797881	0.000257325	0.008435808		
LOC530437	3.892814406	3.776152526	13.35286945	0.000258028	0.008435808		
DOCK7	0.689128492	3.435744861	13.3467245	0.000258874	0.008435808		
RGN	-1.077211438	0.923297849	13.34485861	0.000259132	0.008435808		
SLC15A3	0.666482192	5.444934812	13.34322388	0.000259358	0.008435808		
ISG15	2.2149182	6.142210675	13.33898473	0.000259945	0.008435808		
AKR7A2	0.674475408	5.391930171	13.30204294	0.000265117	0.008584143		
RBM3	-0.560223259	6.998632612	13.2928281	0.000266423	0.008596501		
FAM20C	0.769931684	2.294406803	13.2908619	0.000266703	0.008596501		
LRRC57	-0.493517145	4.530666059	13.28254438	0.000267889	0.008615276		
EPSTI1	0.564806519	7.222581211	13.27304539	0.000269249	0.00863958		
LOC100297044	-1.377464709	4.964483649	13.26210084	0.000270826	0.008670682		
CSF1	1.312010981	3.819148751	13.20187459	0.000279669	0.008933774		
LOC104968518	-0.558403215	3.395356578	13.1850737	0.000282188	0.008994104		
TCAIM	-0.596757406	3.229649188	13.16620687	0.000285043	0.009037958		
UBE2G1	-0.68573124	7.590211571	13.166064	0.000285065	0.009037958		
SPTSSA	0.626451761	5.092651784	13.16068663	0.000285884	0.009037958		
LOC107131400	1.340836485	0.815291856	13.1589589	0.000286148	0.009037958		
FAIM	-0.5832919	3.283645312	13.15516093	0.000286728	0.009037958		
LOC101903668	-1.060043225	2.093438625	13.14171875	0.000288793	0.009082979		
RNF10	0.488344362	8.987013751	13.1071151	0.000294176	0.009231965		
GAB1	0.61257509	3.136259462	13.08458171	0.000297736	0.009323195		
KYNU	0.835648731	5.836320099	13.06795533	0.000300391	0.009379736		
ALAS1	0.555720832	5.339529081	13.06505887	0.000300856	0.009379736		
HK3	0.565672205	7.769038119	13.04406478	0.000304247	0.009464801		
SCFD2	0.540308944	5.152846904	13.02666117	0.000307088	0.009516199		
LOC516742	0.927882716	3.390825639	13.02455522	0.000307433	0.009516199		
CA5B	-0.834402229	4.659461889	13.02172179	0.000307899	0.009516199		
RASSF4	0.736195513	5.267425106	13.01497311	0.00030901	0.009529928		
LOC104972200	-1.58636191	1.441191342	13.00326707	0.000310948	0.009569022		
AMN1	-0.44542839	6.157141996	12.9573541	0.000318667	0.00978146		
FES	0.563002	5.866434689	12.95410213	0.000319221	0.00978146		
LOC100851913	1.839363368	4.407182579	12.94638107	0.000320541	0.009800853		
TRAPPC6B	-0.441374199	4.646619161	12.94042633	0.000321562	0.009802112		
ALDH4A1	0.714030894	4.93200105	12.93489226	0.000322514	0.009802112		
LOC107131579	-1.402297318	1.922605287	12.93061114	0.000323252	0.009802112		
JAKMIP3	0.498793167	4.630067115	12.93017481	0.000323328	0.009802112		
OAT	0.499670931	6.097132832	12.9107053	0.000326708	0.009883614		
INSIG1	0.47029958	5.734491091	12.8863786	0.000330982	0.009971052		
CCDC28A	-0.393672128	4.79542185	12.88630601	0.000330995	0.009971052		
CD300LF	0.96801593	5.684881891	12.87456519	0.000333078	0.010012678		
CMBL	0.949496277	3.653442143	12.84323412	0.000338702	0.010160339		
APRT	0.656343536	6.659141195	12.83495061	0.000340204	0.010184023		
MCFD2	0.515099438	6.26696769	12.79705453	0.000347166	0.010370662		
TFEC	0.783911534	5.503224636	12.784731	0.00034946	0.010403842		
ARHGAP5	1.034826792	3.311679883	12.78086832	0.000350182	0.010403842		
ZP3	-0.854915393	3.089428338	12.77937462	0.000350462	0.010403842		
BCL2L1	0.826684126	5.802229141	12.76390547	0.000353372	0.010468471		
GSR	0.582036564	5.663137457	12.74307893	0.000357329	0.010559039		
OAS2	2.381696476	4.699219938	12.74004819	0.000357908	0.010559039		
GJB2	1.071910921	2.343178134	12.73223876	0.000359406	0.010581359		
LOC100298356	1.242755507	3.523577073	12.72788461	0.000360244	0.0105842		
CTSH	0.731961005	8.008546621	12.70762426	0.000364168	0.010677519		
CTNNA3	-0.921051049	3.521824703	12.70146704	0.000365369	0.010689095		
LOC512486	1.122900651	8.070190015	12.69793402	0.00036606	0.010689095		
GPR146	0.677721181	4.04574099	12.67855131	0.000369874	0.010711032		
MIR223	-1.400592322	2.785672337	12.67696789	0.000370187	0.010711032		
MAPK6	0.487346178	6.133206205	12.67630472	0.000370319	0.010711032		
NPC2	0.7361443	7.832065245	12.67257947	0.000371057	0.010711032		
MBOAT1	0.413242026	6.214455416	12.67138397	0.000371295	0.010711032		
PCDH9	1.207123255	0.889768495	12.67129739	0.000371312	0.010711032		
MAD2L2	0.575032436	3.628116342	12.64641734	0.000376286	0.010832639		
LOC518080	0.926931046	4.431797093	12.62405598	0.000380814	0.010913788		
KSR1	0.515811548	5.654052834	12.62390017	0.000380846	0.010913788		
C28H10orf11	1.215490221	2.877667931	12.62119278	0.000381398	0.010913788		
LOC104975876	2.744631297	-0.584193386	12.60419611	0.000384882	0.010991453		
KIF5C	1.620411793	0.442721866	12.59779247	0.000386203	0.011006756		
SKAP2	0.656099583	7.515736788	12.59413415	0.000386959	0.011006756		
ADCY9	0.798282702	4.176689848	12.58557945	0.000388734	0.011035268		
SSPN	-1.339731718	-0.408817949	12.57472678	0.000390998	0.011077512		
NOTCH3	0.872342754	3.502363571	12.56188149	0.000393695	0.011120525		
PELI2	0.837906983	3.872433206	12.55768824	0.00039458	0.011120525		
TRIM23	-0.4560395	5.152016828	12.55639373	0.000394853	0.011120525		
MS4A8	-0.710493711	6.081383303	12.537259	0.000398917	0.011212867		
LOC104969239	-0.850942342	2.75755227	12.52695552	0.000401123	0.011252718		
CLEC1B	2.64387252	1.681565608	12.4984308	0.000407294	0.011403433		
LAMTOR2	0.771475623	5.787097784	12.48963335	0.000409217	0.011434838		
LOC101902944	-2.538685268	-0.535148438	12.46526515	0.00041459	0.011562355		
GBP2	1.242239514	7.434112294	12.46063281	0.000415619	0.01156847		
CKB	1.02376552	5.666540568	12.42121979	0.000424483	0.011792201		
SCAMP1	0.457084948	5.73217708	12.4119455	0.000426596	0.011822403		
RILPL2	0.80904327	8.978199318	12.4072204	0.000427677	0.011822403		
LPCAT3	0.486651258	4.359527576	12.40546618	0.000428079	0.011822403		
ZRANB1	-0.351443451	6.128100956	12.40196663	0.000428882	0.011822403		
C10H15orf48	1.075926989	6.727374056	12.39463101	0.00043057	0.011846069		
LOC789934	-0.905319023	2.008184726	12.37546658	0.000435012	0.011924625		
SCIMP	0.869234758	5.664135031	12.37510822	0.000435096	0.011924625		
REEP2	1.31303358	5.200677058	12.36440867	0.000437596	0.011970183		
GK5	0.547332345	3.906980841	12.32654952	0.000446561	0.012192057		
PPM1E	0.971402092	2.124673431	12.29776227	0.000453502	0.012357921		
LOC104974755	-1.522453657	-0.16805469	12.28591386	0.00045639	0.012412935		
LOC104970076	-1.271460896	2.388777713	12.25782406	0.000463311	0.01253926		
NOD2	0.703135392	4.765584417	12.25493996	0.000464028	0.01253926		
LOC104968439	-1.801654863	0.949652658	12.25075215	0.000465071	0.01253926		
ZBED1	0.378270462	5.316509611	12.2494433	0.000465397	0.01253926		
ATP6V1A	0.468865069	6.822926677	12.24932978	0.000465425	0.01253926		
LMNB1	0.555645146	6.683143294	12.21833114	0.000473222	0.012725316		
HRH2	-0.921229494	5.938632213	12.19133143	0.000480121	0.012886557		
TNFAIP3	0.527206018	5.136517508	12.17009536	0.000485618	0.012990268		
DERA	0.510946385	5.831920338	12.16937982	0.000485805	0.012990268		
MTMR12	-0.434085584	4.987839102	12.15653399	0.000489162	0.013023373		
FAM8A1	0.636655243	5.141906572	12.15646049	0.000489181	0.013023373		
UBA7	0.91601019	6.282181709	12.15418352	0.000489779	0.013023373		
GNG2	-0.453692971	7.034837915	12.14152487	0.000493114	0.013087696		
LOC100141258	0.820533174	7.656030398	12.10284249	0.00050345	0.013337226		
LACTB	0.553842552	5.569820228	12.08906449	0.000507184	0.013381203		
COMT	0.562985687	4.740992757	12.08450733	0.000508425	0.013381203		
OCIAD2	0.611748887	4.398364565	12.07929892	0.000509848	0.013381203		
APLP2	0.407684248	7.24249971	12.07557831	0.000510866	0.013381203		
MCOLN2	-0.370318897	5.59994553	12.07480451	0.000511078	0.013381203		
ICAM1	1.141005156	2.070688466	12.07034362	0.000512303	0.013381203		
LOC511936	0.894307796	2.793118889	12.06977216	0.00051246	0.013381203		
EMILIN2	0.754781115	7.756512055	12.0692355	0.000512607	0.013381203		
RTP4	0.987475984	3.804567439	12.06274619	0.000514395	0.013397477		
LRRC25	0.884940237	4.424685768	12.05927952	0.000515352	0.013397477		
LOC407204	-0.977476077	2.39708115	12.05677319	0.000516045	0.013397477		
PPP1R9A	0.845750812	2.947468145	12.05211199	0.000517337	0.013406642		
LOC104971501	-0.441219835	4.927268918	12.04840045	0.000518368	0.013409026		
MYLK	1.556778399	3.443436367	12.04218172	0.000520101	0.013429506		
LOC100847245	3.610595834	3.725947923	12.03356369	0.000522511	0.013467386		
LOC104976233	-0.804677661	3.572469282	12.02960334	0.000523622	0.013471714		
ZNF710	0.517921644	5.667443031	12.0150353	0.000527731	0.013553002		
BTBD8	-0.464633199	6.054626599	11.98784461	0.000535487	0.0137275		
BPNT1	0.478654172	5.152718612	11.96107574	0.000543235	0.013863991		
IL10	1.67174448	0.284640293	11.95961561	0.000543661	0.013863991		
LOC100848072	1.656056391	0.923469844	11.95939923	0.000543724	0.013863991		
MROH5	-1.218404613	0.885431688	11.94636248	0.000547542	0.013923159		
ARSA	0.564338176	5.060697122	11.94482207	0.000547995	0.013923159		
DCXR	0.636514258	2.871946654	11.9367453	0.000550375	0.013958812		
CD14	0.76532776	5.760288937	11.92299305	0.000554453	0.014037302		
RAB27B	0.767460201	4.221413614	11.89872291	0.000561724	0.014172586		
ENDOD1	0.892787103	6.643032029	11.89853242	0.000561782	0.014172586		
LOC532875	-0.376266762	4.724149765	11.8850461	0.000565864	0.014250398		
BAK1	0.663329667	6.212432385	11.86979649	0.000570516	0.014342262		
CRTAC1	-3.018229151	-0.522538502	11.86217128	0.000572857	0.014375795		
DAB2	-2.12798337	1.410788718	11.8564477	0.00057462	0.014394747		
NEDD4L	0.377809015	5.220953187	11.85124851	0.000576227	0.014409712		
ACSL6	0.510547097	6.6700112	11.84410398	0.000578442	0.014439814		
CALD1	1.555842855	6.234080124	11.81204579	0.000588487	0.014619498		
LOC618409	1.374660375	2.994040848	11.81059233	0.000588947	0.014619498		
SLC40A1	1.054890355	7.743861931	11.81036711	0.000589018	0.014619498		
ATPIF1	0.913130165	7.3357789	11.80810169	0.000589735	0.014619498		
KREMEN2	1.359551002	0.833431222	11.79751445	0.000593099	0.014652767		
ADGRG5	-0.575617353	5.267908975	11.79741655	0.00059313	0.014652767		
PLAC8	0.717395882	9.637341811	11.79241404	0.000594726	0.014666818		
CD27	-0.400794065	6.998322032	11.76277051	0.000604272	0.014876556		
NFKB2	0.537222215	6.418281302	11.74786223	0.000609132	0.014970379		
HSD17B12	0.637228442	5.99643706	11.73698011	0.000612704	0.015032294		
PGAM1	0.492174292	8.30068707	11.72570909	0.000616426	0.015097668		
FKBP4	0.565532551	6.013450301	11.7144913	0.000620153	0.015162944		
COX7A1	1.17529411	2.010016018	11.70231826	0.000624223	0.015236371		
LOC101907348	1.01539306	1.969210221	11.69038217	0.00062824	0.015308256		
C28H10orf105	-0.909745642	4.228837785	11.66447024	0.000637051	0.015496505		
LOC107131138	0.516359468	7.29272601	11.66125947	0.000638151	0.015496873		
LOC513508	-0.780738363	4.727735298	11.6570966	0.000639581	0.01550522		
GATA6	1.942852173	0.322426787	11.65329413	0.000640889	0.015510611		
SLAMF6	-0.535832679	7.732508243	11.6489922	0.000642373	0.015520216		
LOC104974258	1.138337941	1.125324507	11.64293781	0.000644467	0.01554451		
CCBL2	0.508131698	4.985482411	11.63486845	0.000647269	0.015585762		
MICU1	0.531947077	5.770238654	11.63166318	0.000648386	0.015586359		
RGS18	0.938822486	6.274646146	11.6239033	0.000651096	0.015625214		
RAP1GAP	0.611286791	4.268375008	11.61302965	0.000654914	0.015690461		
GATM	0.913528717	4.842125342	11.60403091	0.00065809	0.015740153		
SHTN1	0.515925526	5.437882568	11.59548576	0.000661121	0.015786199		
OPHN1	1.424248942	3.30689992	11.59001823	0.000663068	0.015806248		
TMEM220	1.658346147	0.339507699	11.5725418	0.000669329	0.0159062		
RFC5	-0.312292336	5.83021029	11.57209765	0.000669489	0.0159062		
LOC788175	0.952240571	3.499815128	11.56693034	0.000671352	0.015923969		
LOC100337493	2.029387241	2.27409507	11.5624646	0.000672966	0.015935788		
HMOX1	0.807945982	5.216993992	11.55890215	0.000674257	0.015939916		
SEMA7A	-0.787601666	5.198187954	11.53209791	0.000684048	0.0161375		
FAM111B	0.705214516	5.137647398	11.52985204	0.000684875	0.0161375		
CRYL1	0.688217461	3.015495293	11.51535916	0.000690235	0.01621064		
KLHL22	-0.55493157	7.323543257	11.5153206	0.000690249	0.01621064		
PTPRN2	1.123448085	0.652426281	11.5008876	0.00069563	0.016310173		
RCC2	0.305258784	7.206165907	11.48951075	0.000699901	0.016377877		
LOC101904784	-1.589595293	-0.117994932	11.48472566	0.000701705	0.016377877		
CPT1A	0.701735538	6.549012884	11.48405481	0.000701958	0.016377877		
TNS3	0.592772975	6.503920753	11.46625721	0.000708713	0.016508497		
LOC787709	-1.171953004	0.643402825	11.45363841	0.000713542	0.016593908		
IMPDH1	0.547802034	5.085847112	11.43840642	0.000719415	0.016703287		
LOC614705	0.842322304	0.997387996	11.41765087	0.000727496	0.016857542		
GNAS	0.513175519	9.399311875	11.41529423	0.00072842	0.016857542		
C14H8orf37	-0.542703754	3.944567448	11.40690864	0.000731715	0.016890387		
LOC104972992	0.987243693	0.879794954	11.40566562	0.000732205	0.016890387		
ZNF469	-1.435763505	-0.199977686	11.39145472	0.000737827	0.016992638		
SRL	1.669297453	0.674992042	11.37612697	0.000743941	0.017105845		
SESN1	-0.466717535	4.771055529	11.3726321	0.000745342	0.017110508		
UGCG	0.457231938	5.426791966	11.3652765	0.000748299	0.017150829		
PDLIM1	1.651908723	6.608595039	11.35036397	0.000754332	0.01725039		
MAP4K5	0.487329918	3.792247661	11.34787528	0.000755343	0.01725039		
BOLA-DMB	0.575928683	8.578555147	11.34560441	0.000756268	0.01725039		
LOC104975871	1.229400602	0.020228676	11.33404527	0.000760989	0.017330413		
LOC104972612	-2.47367369	0.937982115	11.32913324	0.000763005	0.017348646		
C13H20orf202	1.025161848	0.863619585	11.30650008	0.000772362	0.017533482		
LOC101907327	-1.559313549	-0.454040112	11.29823708	0.000775807	0.017581649		
CR2	-0.568211593	6.626557859	11.2925816	0.000778174	0.017581649		
SLC25A33	-0.701626603	4.358355509	11.29074814	0.000778943	0.017581649		
CHST15	-0.525676393	5.903291349	11.28963702	0.000779409	0.017581649		
PROSC	0.406544057	4.526703867	11.27350226	0.000786213	0.017704732		
IQCD	1.214844897	1.916243167	11.27082947	0.000787345	0.017704732		
ETHE1	0.562444871	4.771147603	11.26068354	0.000791661	0.017773775		
ELMO2	0.386710185	6.773024426	11.2488316	0.000796732	0.017859544		
IFI6	1.07608985	5.327347734	11.24365819	0.000798955	0.017862326		
LOC101903632	-0.931240485	1.982436155	11.24272395	0.000799358	0.017862326		
LOC107132903	0.755765596	3.34568986	11.23324414	0.000803451	0.017925741		
CCDC15	-0.33752114	5.719263609	11.2286095	0.00080546	0.017942526		
AFF1	0.41499926	6.336170017	11.21954749	0.000809402	0.017979405		
ZNF177	-0.358877858	5.139393028	11.21901729	0.000809634	0.017979405		
LOC789335	2.516891107	-0.606409633	11.19731861	0.000819156	0.018162626		
PTGS2	0.953308105	1.763577779	11.15870063	0.000836385	0.018504204		
PLVAP	-1.385903583	-0.201149068	11.15574614	0.000837718	0.018504204		
CCSER1	1.035372674	3.02375696	11.15134797	0.000839706	0.018504204		
LOC100335205	-0.802429759	7.948750152	11.15126179	0.000839745	0.018504204		
LOC788142	-0.740153649	3.180729014	11.12671521	0.000850932	0.018718946		
NLRP1	0.513539565	6.05583725	11.12183194	0.000853175	0.018718946		
ZNF572	-0.440273877	5.410263998	11.12051503	0.000853781	0.018718946		
PVRL2	1.131198261	3.572131819	11.11559264	0.00085605	0.018718946		
COL26A1	1.592376133	1.595385791	11.11325316	0.00085713	0.018718946		
LOC104968527	-0.739651455	1.765937832	11.11276385	0.000857356	0.018718946		
STAT1	0.744622111	9.510910606	11.1019712	0.00086236	0.018793035		
STARD5	0.676552734	2.627794943	11.09977496	0.000863382	0.018793035		
TSTD3	-0.363324395	4.90365504	11.08681058	0.000869439	0.01889607		
TMEM191C	1.052579693	0.778375189	11.08116345	0.000872091	0.018899799		
PQLC2	0.60991745	4.796750993	11.08080835	0.000872258	0.018899799		
NLRC5	0.420152842	8.489345103	11.06728957	0.00087864	0.019009249		
LOC101906312	-1.19262393	0.687711575	11.05907322	0.000882542	0.019064786		
OAS1Z	1.475304638	5.591887313	11.04961889	0.000887054	0.019111101		
MSRB3	0.78317314	2.444007142	11.04897326	0.000887363	0.019111101		
ZNF227	-0.408838493	4.762873434	11.02078708	0.000900958	0.019374669		
SARS	0.636606643	9.039418484	11.0149033	0.000903822	0.019407038		
KCTD19	1.225434238	0.338597421	10.98106304	0.000920476	0.019734953		
LOC104971613	-1.090244014	0.881816924	10.9740111	0.000923985	0.019780493		
RAB13	1.608598442	1.303763897	10.96364267	0.00092917	0.0198617		
CORO1B	0.543756734	5.660665534	10.95718323	0.000932414	0.019901265		
ADM	2.967355063	-0.889892787	10.94352721	0.000939312	0.019993909		
GPR4	-1.241219892	1.649478692	10.94215565	0.000940007	0.019993909		
PILRA	0.63270026	7.221395324	10.9402874	0.000940956	0.019993909		
PPP1CC	-0.28217052	7.786323276	10.91525009	0.000953758	0.020235834		
SPATA24	-0.462298264	3.95891462	10.90554572	0.000958768	0.020297355		
LOC100848900	0.599852118	3.031842547	10.90412986	0.000959501	0.020297355		
ZEB2	0.954484111	5.817092407	10.90014638	0.000961567	0.020310961		
MSH2	-0.315529332	6.107444658	10.89725224	0.00096307	0.020312672		
MSL3	-0.26891915	6.535309484	10.89334208	0.000965105	0.020325574		
GPR141	0.850330051	2.770691019	10.86607032	0.000979421	0.020570603		
DLC1	0.97164442	1.744958019	10.86569252	0.000979621	0.020570603		
DNASE1	-0.502058362	4.734045844	10.84792662	0.000989064	0.020711297		
H4	1.499911669	1.085721379	10.84459139	0.000990847	0.020711297		
PLOD3	0.336338635	4.968424712	10.84193108	0.000992272	0.020711297		
LMNA	0.98612967	3.981494389	10.84052221	0.000993027	0.020711297		
MR1	0.650698131	5.002725475	10.83681441	0.000995018	0.020711297		
ASCL2	1.569707877	-0.129992764	10.8368024	0.000995024	0.020711297		
TRABD2B	-0.717117406	2.80648472	10.83179836	0.000997717	0.020737117		
GOLGA7B	1.470579354	2.533053237	10.79164341	0.001019593	0.021135383		
LOC107131176	1.157301199	0.686874162	10.7891831	0.001020949	0.021135383		
43525	0.757118391	4.563360344	10.78851282	0.001021319	0.021135383		
TEP1	0.428272436	5.7656355	10.78409928	0.001023757	0.021155177		
TAPBPL	0.461181171	6.125560002	10.76392055	0.001034979	0.021356166		
SPDEF	-0.982157272	2.194190676	10.75942673	0.001037495	0.021377191		
ZBTB24	-0.375078083	5.496472035	10.74243825	0.001047063	0.021519656		
MYLIP	-0.386854456	6.34228433	10.74180084	0.001047424	0.021519656		
HSPH1	0.536146876	5.876799251	10.73548056	0.001051007	0.021522772		
VAT1L	-0.94710476	5.105687685	10.73475271	0.001051421	0.021522772		
LOC101902053	-1.231041743	3.88657997	10.73356232	0.001052097	0.021522772		
HIP1R	-0.381052125	7.055653376	10.72609057	0.001056354	0.021578938		
IMMP1L	-0.380343325	5.893299145	10.69952452	0.001071631	0.021859736		
TCF7L2	1.132611606	2.91441227	10.69456442	0.001074508	0.021868767		
PDE7A	-0.352858751	6.207799383	10.69253169	0.001075689	0.021868767		
CSTF3	-0.321828904	6.26326579	10.69084864	0.001076668	0.021868767		
NMI	0.600376486	6.870582744	10.67210936	0.00108763	0.022015651		
ACTB	0.419936721	11.64948616	10.67107351	0.001088239	0.022015651		
RSU1	0.955311688	7.544031013	10.67031805	0.001088684	0.022015651		
ADARB1	1.05640979	3.280332686	10.6679699	0.001090067	0.022015651		
HACD2	0.455320735	4.320327618	10.65640522	0.001096904	0.022122441		
FAM109B	-0.5989964	2.392889753	10.64554701	0.001103362	0.022208664		
LOC104976274	-0.379455868	5.514594337	10.64399353	0.00110429	0.022208664		
WWC2	0.626586714	3.606997024	10.63973434	0.001106836	0.022228562		
C1QB	0.996278019	5.523180251	10.62827495	0.001113716	0.022335316		
DYRK3	1.466528943	3.35371961	10.62184943	0.001117592	0.022381625		
IFI35	0.461185725	6.057198821	10.60408418	0.001128381	0.022566046		
LOC539533	-0.457949175	6.447989012	10.59928817	0.001131312	0.022593014		
CDC42EP3	-0.491542693	4.946193948	10.5752353	0.001146127	0.022856906		
RASSF6	1.703155361	0.924823534	10.56926884	0.001149832	0.022898815		
LOC104973494	-1.384294253	3.409488462	10.55339717	0.001159747	0.023056592		
APOBEC3A	1.538150303	4.597994347	10.55051271	0.001161559	0.023056592		
LOC104971307	1.256156626	-0.106286211	10.54862072	0.001162748	0.023056592		
BFSP2	0.695576712	3.519140102	10.54629317	0.001164213	0.023056592		
SEPP1	0.67213516	5.932065636	10.52836105	0.001175564	0.023249143		
RAB44	-1.351145708	1.425300862	10.50294899	0.001191842	0.023538463		
CD9	0.947192553	5.278513644	10.49494765	0.001197014	0.023607961		
FBXL3	-0.350732744	6.62792434	10.48981725	0.001200342	0.02363177		
LOC101903253	-0.594853118	3.80132927	10.48798828	0.001201531	0.02363177		
CD83	0.708625723	4.181639269	10.47036246	0.001213049	0.023825487		
RIPK1	0.376494068	6.816537788	10.46695686	0.001215287	0.023836662		
C1D	-0.349988642	5.220743964	10.45742652	0.001221573	0.023927088		
PARVB	1.252328733	5.902153358	10.45341888	0.001224227	0.023946207		
BLM	-0.372110269	4.369441193	10.4496317	0.001226739	0.023962528		
KLHDC2	-0.425146659	5.553777982	10.44212942	0.001231732	0.024027184		
CRLS1	-0.438178135	6.971160428	10.42479035	0.00124335	0.024220053		
ATF6	0.368421461	5.67734084	10.42232368	0.001245011	0.024220053		
LOC531691	-1.153005431	1.853902008	10.41904881	0.001247221	0.024230029		
TCN2	0.631866604	4.539523656	10.40979545	0.001253486	0.024318656		
DNASE1L1	0.431656547	6.017559184	10.40560095	0.001256337	0.024340884		
MAFG	0.411644098	5.72230815	10.39983701	0.001260264	0.024372296		
NUB1	0.431155651	7.409840866	10.39821526	0.001261372	0.024372296		
FAM188A	1.619843253	9.378047353	10.38732195	0.001268835	0.024436894		
LOC107132917	-1.542595671	1.521191597	10.38626702	0.00126956	0.024436894		
HSF4	0.956143191	3.150470947	10.38584717	0.001269849	0.024436894		
DPYD	0.577533449	6.134254206	10.37381752	0.00127815	0.024563528		
LOC101906317	-1.466588874	5.320230411	10.36476445	0.001284433	0.024639524		
HHEX	-0.35483437	5.849957096	10.36315172	0.001285555	0.024639524		
CNR2	-0.542808086	4.907539916	10.35343505	0.00129234	0.024736353		
ZNF585A	-0.39552574	5.588534174	10.34424438	0.00129879	0.02482654		
IRAK2	0.401093253	4.428125893	10.31491833	0.001319591	0.025190434		
MARVELD1	0.670719648	3.880894759	10.31125481	0.001322213	0.025206791		
CBR3	0.623960867	4.282976553	10.30021466	0.001330147	0.025324232		
LIN52	0.569057267	4.395607741	10.29376605	0.001334804	0.025379047		
LRRC36	0.919113596	1.799123649	10.28625495	0.001340248	0.025448678		
SLC22A15	-0.523993915	3.856121706	10.26817581	0.001353446	0.025633501		
PISD	0.377794137	4.798196613	10.26652962	0.001354654	0.025633501		
GPR34	-0.930302952	2.11836194	10.26525794	0.001355588	0.025633501		
TBC1D12	0.872078814	2.070372985	10.26311582	0.001357163	0.025633501		
BIN1	0.345914303	7.021785198	10.25830325	0.001360708	0.025663702		
ZNF548	-0.881719881	1.746322649	10.25606947	0.001362356	0.025663702		
LRRK1	0.504090253	4.692884433	10.25169007	0.001365594	0.025690806		
SLC35A5	-0.419266587	6.785501597	10.24326124	0.001371848	0.025774503		
LOC107132799	-0.868529478	2.579020963	10.23710856	0.001376432	0.025826635		
AIF1	1.08240355	7.222788482	10.21258497	0.001394855	0.026134977		
RAD51AP1	-0.379431914	4.606192594	10.20832964	0.001398077	0.026134977		
PRIM1	-0.362771463	5.507279313	10.2079625	0.001398356	0.026134977		
CIRBP	-0.524331426	6.975589711	10.19809062	0.001405861	0.026240909		
YPEL5	0.519966712	6.973212057	10.18263683	0.001417693	0.026427204		
CPA3	-0.78286113	1.32695369	10.17856153	0.00142083	0.026451146		
ABTB2	0.518158763	3.774944729	10.17344634	0.001424777	0.026490093		
IFI27	2.389915715	3.531874074	10.16955496	0.001427787	0.026511542		
LOC509810	-0.405214276	4.426853378	10.15842641	0.001436432	0.026637414		
F12	-0.58036341	2.162705731	10.15474104	0.001439306	0.026656099		
C23H6orf141	0.909649071	2.883931615	10.14293822	0.001448551	0.026792562		
NFYC	-0.300539085	5.947394463	10.11755305	0.001468639	0.027128964		
ZFYVE21	0.628201655	4.403764894	10.11393988	0.001471521	0.027147082		
DAG1	0.4642815	4.291907921	10.10231569	0.001480831	0.0272836		
ACSF3	-0.384216025	4.063117874	10.09428471	0.001487299	0.027364051		
ARGLU1	-0.552971171	8.451913186	10.09103944	0.00148992	0.027364051		
PRKCDBP	1.058811795	2.54913915	10.08977023	0.001490947	0.027364051		
SP100	-0.328452524	7.592584394	10.08441917	0.001495283	0.027408401		
CD180	0.852026615	5.513128878	10.08072502	0.001498284	0.027428196		
LOC101907482	-1.242381179	-0.259616536	10.07679025	0.001501487	0.027451636		
CXHXorf21	0.492988272	5.998710335	10.06073912	0.001514624	0.027656424		
LOC101905499	-0.882346104	6.275538348	10.04869141	0.001524562	0.027798543		
TMEM135	0.491894706	4.174188432	10.04659085	0.001526301	0.027798543		
SDR42E1	-0.819406838	1.410200252	10.03694496	0.001534315	0.027859776		
MYCN	-1.466346324	-0.504265159	10.03633745	0.001534821	0.027859776		
PADI4	-0.901619915	5.70425724	10.03550223	0.001535517	0.027859776		
IRF7	0.862351909	5.712602804	10.02471954	0.001544532	0.027987781		
KIAA1211L	-1.411454021	4.769882177	10.01855318	0.001549712	0.028013242		
OSCAR	0.851008729	4.665157051	10.01837592	0.001549861	0.028013242		
LOC107131558	1.513037432	0.710350458	9.999615343	0.001565729	0.028264283		
RYBP	0.324736037	6.112658928	9.99552129	0.001569214	0.028291423		
NCAPH	-0.501560696	4.144611282	9.949458077	0.001608968	0.028952093		
FZD4	1.173410611	0.405739353	9.948375528	0.001609914	0.028952093		
THEG	-4.217425952	-0.991126262	9.921528196	0.001633567	0.029323301		
FBXO7	0.403781712	6.045701025	9.920294039	0.001634663	0.029323301		
POU6F1	0.661394852	2.715760235	9.897864577	0.001654707	0.029608809		
LOC107131543	-0.754077916	1.507331516	9.897843362	0.001654726	0.029608809		
LOC512150	0.423130895	5.155424194	9.876259335	0.00167425	0.029885863		
SLC6A2	1.325974516	1.035109215	9.876099302	0.001674395	0.029885863		
ARMC12	-0.516262443	4.045507758	9.872904771	0.001677305	0.029900421		
GRAP2	0.596378718	6.944032276	9.854525131	0.001694145	0.030082912		
PSMF1	0.401947793	5.594495837	9.853925511	0.001694698	0.030082912		
MAP7D1	0.339097192	6.384664655	9.853047706	0.001695506	0.030082912		
MTFP1	0.426867303	4.956242189	9.852545564	0.001695969	0.030082912		
MS4A2	-0.94730687	3.647741254	9.847006842	0.001701083	0.030136186		
ADD3	-0.387676499	9.256223684	9.841350945	0.001706321	0.030191528		
LOC104973104	1.806707799	1.23792934	9.83486919	0.001712345	0.030260604		
ASCL4	0.845422868	1.559137488	9.828178163	0.001718585	0.030333342		
GPR15	-0.606202207	4.309912089	9.780140922	0.001764068	0.031080517		
LOC100847143	-0.487886393	5.050464076	9.777061512	0.001767025	0.031080517		
SQSTM1	0.472833011	8.692947004	9.776622042	0.001767447	0.031080517		
DCBLD1	0.605605195	3.238456006	9.766314129	0.001777384	0.031216814		
YARS	0.382541693	5.674905862	9.747206067	0.001795955	0.031504223		
LOC100336690	-0.373649757	4.6464931	9.744046406	0.001799044	0.031519699		
GOLPH3	0.283859883	6.619436392	9.739867952	0.001803139	0.031552714		
LOC511229	-0.434255285	7.141529411	9.723323067	0.001819443	0.031799045		
LOC100336669	0.949189452	5.199054351	9.708853611	0.001833824	0.031956373		
LOC101903951	1.304350129	0.025655213	9.70829685	0.001834379	0.031956373		
RIPK2	0.352428735	5.419349089	9.706225042	0.001836449	0.031956373		
CXXC5	-0.436412399	5.338010779	9.705276912	0.001837396	0.031956373		
SH2D1B	0.891787312	4.225075607	9.701251745	0.001841425	0.031967388		
ANAPC4	-0.292788255	5.991425165	9.698040619	0.001844646	0.031967388		
NFKBIE	0.467530639	4.956271687	9.697571542	0.001845117	0.031967388		
LOC101904579	0.855225055	3.754250847	9.695712291	0.001846985	0.031967388		
GCKR	-1.373214304	0.927973493	9.676322649	0.001866578	0.032267402		
RBM23	-0.32664828	6.319527552	9.667510174	0.001875553	0.032354106		
LOC104973829	-1.140864683	2.166118999	9.666949455	0.001876126	0.032354106		
ASUN	-0.3113477	6.081286573	9.639391672	0.001904483	0.032773803		
CD1B	-1.167181418	0.347455724	9.638418958	0.001905492	0.032773803		
RAB37	0.626718609	5.836604619	9.636630047	0.001907349	0.032773803		
CDCA7	-0.326205514	7.545292647	9.634321485	0.001909747	0.032775581		
CYP2D14	0.704530392	3.578586186	9.627414365	0.001916943	0.032851554		
FADS1	0.867407297	3.85277908	9.622403889	0.00192218	0.032851554		
PDE3A	1.268971658	2.518000887	9.619235107	0.001925499	0.032851554		
RNF144A	-0.397407995	6.525612414	9.618454381	0.001926318	0.032851554		
TRIB2	-0.515971432	5.149367805	9.618356867	0.00192642	0.032851554		
NPEPPS	0.316473026	6.178202215	9.616872017	0.001927978	0.032851554		
ACSL4	0.457012039	7.352349183	9.605139049	0.001940336	0.032964356		
LGALS12	-0.685535978	4.124653542	9.60420185	0.001941326	0.032964356		
NT5C3B	-0.38539781	5.312323736	9.601875641	0.001943787	0.032964356		
H2AFY	-0.328303526	7.632225421	9.601832637	0.001943833	0.032964356		
SH3PXD2A	0.778491778	2.666046709	9.592819311	0.001953398	0.033055401		
NUP155	-0.34319062	5.267654835	9.592411787	0.001953831	0.033055401		
BOLA-DMA	0.474171919	7.16533206	9.586213365	0.001960438	0.033127929		
SLC35E4	0.789191877	2.290745482	9.583185321	0.001963674	0.033143386		
FAM65C	1.499707174	2.876855756	9.567680662	0.001980328	0.033385013		
NRG1	0.977407045	3.206911557	9.562778893	0.001985623	0.0334348		
TPST2	-0.348576832	6.578319698	9.556574083	0.001992346	0.03350849		
LOC788425	0.742615782	3.063008072	9.541607964	0.002008657	0.033676865		
SV2B	-1.274507418	0.327619081	9.541181398	0.002009124	0.033676865		
HIGD1A	0.530565351	5.344573347	9.540899286	0.002009433	0.033676865		
PROCR	1.58989576	2.86898605	9.535883186	0.002014932	0.03372944		
UPB1	1.007414688	2.080107157	9.530450484	0.002020905	0.033789817		
MIPOL1	1.318880188	0.111148856	9.525744398	0.002026094	0.033836953		
ND6	0.533594628	5.541707661	9.514513738	0.002038531	0.03397199		
PPP5C	0.325157448	5.579645435	9.514147565	0.002038938	0.03397199		
GPR174	-0.473604588	8.456665842	9.496140469	0.002059046	0.03426703		
SLC7A11	-1.388542849	-0.396111589	9.489393348	0.002066631	0.034343946		
MLH1	-0.359813272	5.215233947	9.487754959	0.002068478	0.034343946		
ADAT2	-0.408181895	4.258848994	9.464157504	0.002095256	0.034748161		
BAZ1A	0.356682785	7.580519342	9.458627595	0.002101583	0.034812641		
GNA15	0.388379353	5.426335738	9.455683188	0.002104959	0.034828165		
PLEKHF2	-0.34195367	7.419350808	9.453466293	0.002107504	0.034829925		
LOC100337093	1.783941274	3.630142176	9.423575557	0.002142134	0.035361313		
EGLN3	1.05094297	6.41438257	9.413753518	0.002153639	0.035510177		
LOC104968436	-0.772118781	4.233566938	9.408380225	0.00215996	0.035573313		
LOC104968408	-0.888783338	0.846905851	9.391959719	0.002179391	0.035851989		
RABGAP1L	0.654362765	8.767104007	9.388396073	0.002183632	0.03588041		
CUX1	0.325589284	6.732831533	9.375681548	0.002198829	0.036076572		
WSCD1	-1.060428917	1.311241723	9.372801765	0.002202286	0.036076572		
PSME2	0.536267202	7.087422169	9.370002302	0.002205652	0.036076572		
DLL1	-0.67066119	2.491534796	9.369982724	0.002205676	0.036076572		
LOC100847609	-0.511663389	3.596111724	9.365927325	0.002210561	0.036097807		
RPS6KA2	-0.557875974	5.142526901	9.364709654	0.00221203	0.036097807		
LOC104969644	-1.820606981	1.290544423	9.360248493	0.002217421	0.036144466		
TRIM25	0.615439249	5.431881471	9.351428248	0.002228118	0.036277414		
HEXIM2	1.083533594	3.39954149	9.329294321	0.002255192	0.036676406		
ARRDC4	0.666793855	6.016939391	9.326846338	0.002258207	0.036683655		
WIPF3	1.888307233	-0.860136702	9.32133642	0.002265007	0.036741691		
MAP2K3	0.326054213	6.013477465	9.319785312	0.002266926	0.036741691		
BUB3	-0.297463346	6.65823111	9.313648494	0.002274531	0.036813803		
CELF5	1.446049787	-0.691226441	9.311173615	0.002277605	0.036813803		
EXD1	-0.816071365	1.281782203	9.309964249	0.002279109	0.036813803		
FBP1	-1.344357536	1.172533856	9.305202961	0.00228504	0.036867893		
SVIL	-0.53110162	5.840286491	9.299979698	0.002291564	0.036931424		
P2RY12	-1.190044687	5.477835132	9.29711985	0.002295144	0.036946857		
CACNA2D1	-0.915176488	1.18715456	9.295083583	0.002297697	0.036946857		
DYSF	0.756450286	4.774765765	9.292216348	0.002301296	0.036963105		
LOC104973604	-1.761178581	0.226873773	9.287553138	0.002307161	0.037015681		
LOC101901983	-0.772603838	3.615141682	9.285246964	0.002310068	0.037020715		
CYBB	0.651194583	8.789184429	9.281446414	0.002314866	0.037056016		
ANKRD9	0.997446411	0.339569524	9.277725344	0.002319573	0.037089791		
GGT5	0.81472484	3.659002176	9.274607022	0.002323525	0.03711143		
LOC101908144	-1.003641284	6.609862725	9.260346058	0.002341688	0.037327145		
LOC510382	2.353769892	6.576281539	9.256595511	0.002346488	0.037327145		
MGC127055	1.2346804	0.324936371	9.255595657	0.00234777	0.037327145		
BCL2A1	0.582992876	5.432588147	9.254132135	0.002349647	0.037327145		
IL5RA	-1.347814877	2.309571451	9.253777393	0.002350102	0.037327145		
BTG3	0.497230059	3.946070934	9.243682681	0.002363092	0.037491772		
IMPACT	-0.395664727	5.507184335	9.239310361	0.002368741	0.037539689		
ZNF311	-0.723018777	2.724020949	9.232422979	0.002377668	0.037639381		
KIAA0930	0.390171562	6.916936345	9.227290808	0.002384342	0.037669863		
RNF44	-0.365403002	6.447456611	9.22688545	0.00238487	0.037669863		
MTURN	0.723029408	6.961004457	9.217956584	0.002396529	0.037812193		
LOC104968494	0.516924357	4.670261187	9.209027186	0.002408246	0.037955132		
SLC15A1	0.839511355	2.257142952	9.205944082	0.002412306	0.037958829		
MEI1	-1.142940191	0.809537458	9.204812131	0.002413798	0.037958829		
ITSN1	0.487214368	4.242742819	9.186910861	0.002437519	0.0382897		
CFP	0.593868929	6.906471393	9.177003171	0.00245075	0.038427042		
FCRLA	-0.566097586	5.142234973	9.174498601	0.002454106	0.038427042		
CCNJL	-0.821390853	4.315944281	9.174327095	0.002454336	0.038427042		
LOC100848494	1.426792358	0.829047411	9.170191404	0.002459888	0.038471793		
C19H17orf75	-0.338605355	6.163298466	9.164376189	0.002467717	0.038535275		
M6PR	0.346543741	7.478024806	9.163169606	0.002469345	0.038535275		
LOC788334	0.878705618	6.069760612	9.159615961	0.002474145	0.03855275		
CTNND1	0.531829503	4.522248806	9.158344395	0.002475865	0.03855275		
BRB	-1.387593675	3.665211035	9.155063609	0.002480308	0.03857986		
DTX1	-0.596277038	3.77124609	9.152150437	0.002484259	0.038599282		
LOC104970589	-0.429643888	3.849152572	9.122648916	0.002524641	0.039107755		
LOC104968958	3.595938726	-0.152963624	9.120867643	0.002527101	0.039107755		
LOC101905675	-0.745673942	1.265115957	9.118442397	0.002530453	0.039107755		
LOC100847890	0.568340808	6.905180964	9.117741808	0.002531423	0.039107755		
SLC6A4	1.611136895	5.320706135	9.11718482	0.002532193	0.039107755		
PARP14	0.64530738	8.115719759	9.116300497	0.002533418	0.039107755		
TRIM65	0.364634901	5.532159539	9.113356165	0.002537499	0.039128451		
FADS3	0.677652774	5.930347155	9.104625935	0.002549639	0.039273235		
CTSC	0.544508637	8.183749178	9.094380817	0.00256396	0.039451276		
LOC107131888	-2.247892741	0.346993451	9.085372213	0.00257662	0.039603404		
CTSB	0.525772543	8.851006954	9.08224693	0.002581027	0.039628483		
TXK	-0.387178585	6.433262588	9.076042976	0.002589798	0.03972044		
LOC104970831	-1.024328135	1.670980186	9.072013335	0.002595511	0.039765352		
NAIP	0.721073952	9.061411015	9.066703313	0.002603059	0.039838248		
NPHP3	0.469362583	3.694521379	9.057330675	0.002616437	0.040000107		
SREBF1	0.4206316	5.516221282	9.050180934	0.002626688	0.040113884		
LOC101905770	-0.87836776	1.051257961	9.042676948	0.002637492	0.040235835		
LOC511982	1.518341669	5.731693746	9.039563914	0.002641987	0.040261393		
LOC107131274	0.328435126	6.016678608	9.033595892	0.002650626	0.040318143		
LOC101905779	-0.789649705	1.379426573	9.033091125	0.002651358	0.040318143		
UBE2O	0.414112344	5.579981314	9.029874747	0.002656027	0.040345833		
FXYD3	2.167972456	1.708866756	9.027946726	0.00265883	0.040345833		
NCSTN	0.26539939	6.561063724	9.010059948	0.002684976	0.0406794		
C1H21orf33	0.38509629	5.674677796	9.005466773	0.002691732	0.0406794		
LOC786372	0.665651966	7.447524618	9.005324671	0.002691942	0.0406794		
COX8B	1.730784962	0.477775464	9.005144092	0.002692208	0.0406794		
CHCHD5	0.395593441	4.182841662	8.99647806	0.002705004	0.040827052		
BOLA-DRB2	0.718680302	6.611515358	8.994659053	0.002707698	0.040827052		
JAM3	-0.881464016	3.507116861	8.987150617	0.002718846	0.040923527		
LOC100294954	-1.400433397	0.501240608	8.986490671	0.002719828	0.040923527		
LOC616868	-0.917537534	2.974486083	8.981355622	0.002727482	0.040995493		
CLTB	0.565656549	5.635812721	8.971149133	0.00274276	0.041181783		
TMCO4	0.361121223	5.343064489	8.962052152	0.002756451	0.041343869		
ZDHHC2	0.988084733	3.774750823	8.952457821	0.002770965	0.04146164		
BOLA-DRA	0.485077516	10.43896567	8.947894558	0.002777896	0.04146164		
NOL3	1.013306064	0.259086884	8.947333564	0.002778749	0.04146164		
CARS	0.345012491	5.640046837	8.947117894	0.002779077	0.04146164		
FST	-0.636379185	2.053610955	8.945776026	0.002781119	0.04146164		
MESDC1	0.334498818	4.978091632	8.945378188	0.002781725	0.04146164		
LOC107132617	0.719544378	4.379698143	8.943172333	0.002785086	0.041468452		
FER	0.559940296	3.92239741	8.931263788	0.002803303	0.041659433		
NRN1	0.678658654	3.266978517	8.930974084	0.002803748	0.041659433		
ZNF140	-0.548732235	3.319602144	8.922653751	0.00281655	0.041806145		
FAM76B	-0.290480703	5.87308513	8.919019506	0.00282216	0.04184592		
LAMA5	1.665976198	-0.338717891	8.91687225	0.00282548	0.041851689		
LOC505306	-0.720515714	3.804609162	8.90660029	0.002841418	0.042044147		
TIGAR	0.495625646	2.792097049	8.900237835	0.002851335	0.042127084		
FTH1	0.540864748	10.03410261	8.899221126	0.002852923	0.042127084		
VSTM1	-0.575649566	6.284257824	8.894426543	0.002860424	0.042171192		
DSE	0.494283655	3.872654568	8.893537725	0.002861817	0.042171192		
LOC101902469	-0.611918674	2.722550028	8.889587375	0.002868015	0.042218961		
PTPRB	0.942361998	1.281900531	8.872166993	0.002895512	0.042579835		
LOC107131743	0.498179911	3.928742802	8.858572966	0.002917155	0.042853974		
WRB	-0.582990461	2.561277487	8.855636207	0.002921853	0.042878863		
TMEM184B	0.536303857	5.229284078	8.853553346	0.002925189	0.042883746		
NAMPT	0.374073317	5.836691143	8.844579866	0.002939606	0.043050901		
MSH6	-0.306500239	6.866837456	8.838134186	0.002950006	0.043158948		
RNF14	0.308995465	5.532231608	8.834468595	0.002955937	0.043201458		
PRKCB	0.311663661	8.400956905	8.827486039	0.002967269	0.043297036		
ECE1	0.427578153	7.656294263	8.825429615	0.002970614	0.043297036		
FOXJ2	0.271823851	5.755969609	8.824840712	0.002971573	0.043297036		
HPRT1	0.457879438	6.728538665	8.812557222	0.002991645	0.043545048		
LOC101905248	-0.751435263	2.979060638	8.804643689	0.003004648	0.043647559		
TCEB1	0.451772681	6.00930016	8.804551031	0.003004801	0.043647559		
KCTD18	-0.376136329	4.33456115	8.798125322	0.003015402	0.043757043		
LOC616782	-1.056736901	5.029007876	8.795200639	0.00302024	0.043778747		
IFI44L	0.679651673	6.208059083	8.791728468	0.003025994	0.043778747		
CDADC1	0.361969026	6.279452067	8.791667098	0.003026096	0.043778747		
STOML1	0.717463924	4.750126348	8.783566769	0.003039563	0.043929067		
ERICH6B	2.913514798	-0.759248193	8.779403964	0.003046507	0.043984912		
PRCC	0.263658204	5.645070618	8.77260277	0.003057888	0.044104626		
LOC107133300	-2.049504998	-0.192158859	8.766395972	0.003068311	0.044210312		
RRBP1	0.357702453	6.638782892	8.761124196	0.003077193	0.044293589		
TCF4	-0.420867081	6.258113317	8.75775832	0.003082877	0.044330722		
APH1B	-0.415776696	3.606587795	8.740355797	0.003112438	0.044673336		
LOC104976281	-1.478184663	4.429461425	8.74004936	0.003112961	0.044673336		
PDK4	0.843330283	4.942205628	8.737717156	0.003116945	0.0446856		
RAD9B	-0.72774696	1.019575705	8.734388972	0.003122639	0.044722335		
PARD3B	0.918957489	2.516830649	8.725492949	0.003137912	0.04489604		
TCP11L2	-0.354767187	7.749831059	8.71867338	0.003149671	0.045019178		
IL22RA2	-1.431363986	1.271368271	8.711247493	0.003162527	0.045157726		
RGS14	-0.331571366	7.626384532	8.704930272	0.003173506	0.045232862		
YDJC	0.842805334	0.902617844	8.7045746	0.003174125	0.045232862		
CMAS	0.444750604	6.457108679	8.69775807	0.003186017	0.045357061		
TSPYL2	-0.335796465	5.214734632	8.692797785	0.003194699	0.045435361		
PRCP	0.35931682	4.900900732	8.675118684	0.003225838	0.045776447		
TTLL3	-0.476647794	4.45660936	8.674722337	0.00322654	0.045776447		
JUN	0.443690067	6.291338089	8.669640516	0.00323555	0.045776447		
LOC100848517	-0.831553498	1.085380258	8.668172586	0.003238157	0.045776447		
GAPT	-0.500560497	6.173024433	8.66812997	0.003238233	0.045776447		
LOC104969050	-0.618337773	2.815622193	8.666939213	0.00324035	0.045776447		
LOC101905804	0.89251859	5.81800859	8.666504768	0.003241123	0.045776447		
SH3GL3	2.483650926	-0.128853977	8.661912025	0.003249302	0.045846619		
LOC618733	0.453638181	7.843293115	8.655592315	0.003260591	0.045916133		
POLR1D	0.439626889	5.656979569	8.654318875	0.00326287	0.045916133		
TPI1	0.457785845	6.83696691	8.651236554	0.003268395	0.045916133		
RBPMS	1.077972197	3.726924434	8.650953659	0.003268902	0.045916133		
ARPC5L	-0.346625098	6.953042129	8.65017106	0.003270307	0.045916133		
GSTM3	1.588218779	1.605962184	8.643916378	0.003281553	0.046028771		
SUSD1	0.385376082	5.780716743	8.640817653	0.003287139	0.046061878		
LOC104971220	1.467852574	0.126166292	8.635843384	0.003296126	0.046142534		
LOC789229	-0.45587848	6.63683893	8.629241936	0.003308092	0.046264688		
OMG	-0.407371874	4.042840263	8.617679307	0.003329157	0.046490206		
AGL	-0.497581384	4.487702112	8.616819513	0.003330729	0.046490206		
AK1	1.337484946	0.64369908	8.609579848	0.003343994	0.04662978		
UBE2V2	0.343077425	6.01911009	8.604558895	0.003353226	0.046712888		
LOC513767	-0.483982495	3.63431576	8.600368512	0.00336095	0.046749062		
DUSP5	0.611480756	4.231506468	8.599598972	0.00336237	0.046749062		
KIF1C	0.431430956	5.277040574	8.597532531	0.003366188	0.04675661		
APOM	-0.489917866	3.79819141	8.584458525	0.003390442	0.047047736		
MDH1B	-0.947517845	-0.086354691	8.576216112	0.003405824	0.047215302		
GPC3	1.149122285	0.713822189	8.569272295	0.003418838	0.047349742		
COX5A	0.455836712	6.494582814	8.567468371	0.003422227	0.047350753		
METTL17	-0.361586821	5.071430168	8.563033786	0.003430573	0.047373276		
SUV39H1	-0.404523361	3.651314028	8.561744752	0.003433003	0.047373276		
ATOX1	0.395001998	4.022365121	8.561317818	0.003433808	0.047373276		
FRMD6	-0.54923924	4.848306208	8.559255661	0.003437699	0.047381188		
CUEDC1	0.703528365	2.613014505	8.553850471	0.003447922	0.047476251		
LOC104973297	-1.776318551	-0.332528027	8.550565162	0.00345415	0.04750407		
DRAM2	0.422577871	6.311676577	8.549276596	0.003456596	0.04750407		
NFYA	-0.276793482	5.727139912	8.542193107	0.003470073	0.047604987		
RNF115	0.277069215	5.157207429	8.541913147	0.003470607	0.047604987		
DIXDC1	-0.564527128	7.185475909	8.538554274	0.003477017	0.047647145		
LOC107132070	-0.75330601	0.710987844	8.528861326	0.003495583	0.047855641		
KEAP1	0.341609331	5.57189194	8.520794581	0.003511112	0.048022186		
CALHM2	-0.39554669	4.049662238	8.508504373	0.003534905	0.048301345		
C7H19orf66	0.481386231	5.717441417	8.503224527	0.003545177	0.048395389		
CCDC181	-0.995398284	1.840007611	8.500078164	0.003551312	0.048432844		
ACER2	0.808229585	3.452419298	8.487683478	0.003575588	0.048691732		
LOC104975742	1.556305192	-0.152210952	8.486906561	0.003577115	0.048691732		
LOC613677	0.625415531	3.403860842	8.482530139	0.003585731	0.048762521		
RNASEH2A	-0.38853619	6.403232121	8.477718603	0.003595227	0.048824		
TPP1	0.509496132	4.690676009	8.476776151	0.00359709	0.048824		
AHCY	0.498526253	7.965033827	8.474578659	0.003601438	0.048836592		
CXHXorf65	-0.581571635	2.409522255	8.469238752	0.003612026	0.048933694		
ZNF865	-0.38859783	4.609168958	8.456651951	0.003637108	0.049226785		
PIP4K2C	-0.28424216	6.099172555	8.448135304	0.003654179	0.049411008		
RMDN1	-0.367172579	4.607258459	8.435467857	0.003679722	0.049709319		
RELT	0.742739393	5.48463276	8.429944248	0.003690917	0.04981342		
NKG7	0.754887492	4.599132154	8.424870608	0.00370123	0.049894543		
IER5L	0.607437261	4.902952665	8.423551525	0.003703916	0.049894543		